0.200, -1.997e-8
0.199, -2.487e-8
0.198, -2.716e-8
0.197, -2.868e-8
0.196, -2.977e-8
0.195, -3.050e-8
0.194, -3.142e-8
0.193, -3.216e-8
0.192, -3.277e-8
0.191, -3.336e-8
0.190, -3.398e-8
0.189, -3.458e-8
0.188, -3.525e-8
0.187, -3.581e-8
0.186, -3.634e-8
0.185, -3.700e-8
0.184, -3.777e-8
0.183, -3.824e-8
0.182, -3.887e-8
0.181, -3.966e-8
0.180, -4.019e-8
0.179, -4.075e-8
0.178, -4.156e-8
0.177, -4.201e-8
0.176, -4.266e-8
0.175, -4.318e-8
0.174, -4.401e-8
0.173, -4.454e-8
0.172, -4.513e-8
0.171, -4.564e-8
0.170, -4.620e-8
0.169, -4.670e-8
0.168, -4.747e-8
0.167, -4.789e-8
0.166, -4.844e-8
0.165, -4.922e-8
0.164, -4.969e-8
0.163, -5.030e-8
0.162, -5.084e-8
0.161, -5.165e-8
0.160, -5.217e-8
0.159, -5.276e-8
0.158, -5.356e-8
0.157, -5.410e-8
0.156, -5.466e-8
0.155, -5.549e-8
0.154, -5.598e-8
0.153, -5.649e-8
0.152, -5.709e-8
0.151, -5.765e-8
0.150, -5.820e-8
0.149, -5.890e-8
0.148, -5.936e-8
0.147, -5.998e-8
0.146, -6.060e-8
0.145, -6.118e-8
0.144, -6.163e-8
0.143, -6.239e-8
0.142, -6.301e-8
0.141, -6.355e-8
0.140, -6.410e-8
0.139, -6.493e-8
0.138, -6.538e-8
0.137, -6.599e-8
0.136, -6.677e-8
0.135, -6.739e-8
0.134, -6.792e-8
0.133, -6.876e-8
0.132, -6.916e-8
0.131, -6.983e-8
0.130, -7.051e-8
0.129, -7.126e-8
0.128, -7.166e-8
0.127, -7.246e-8
0.126, -7.307e-8
0.125, -7.378e-8
0.124, -7.437e-8
0.123, -7.538e-8
0.122, -7.584e-8
0.121, -7.667e-8
0.120, -7.753e-8
0.119, -7.825e-8
0.118, -7.877e-8
0.117, -7.973e-8
0.116, -8.020e-8
0.115, -8.098e-8
0.114, -8.152e-8
0.113, -8.227e-8
0.112, -8.263e-8
0.111, -8.340e-8
0.110, -8.399e-8
0.109, -8.465e-8
0.108, -8.527e-8
0.107, -8.621e-8
0.106, -8.669e-8
0.105, -8.745e-8
0.104, -8.816e-8
0.103, -8.893e-8
0.102, -8.942e-8
0.101, -9.061e-8
0.100, -9.107e-8
0.099, -9.203e-8
0.098, -9.262e-8
0.097, -9.373e-8
0.096, -9.430e-8
0.095, -9.521e-8
0.094, -9.595e-8
0.093, -9.683e-8
0.092, -9.741e-8
0.091, -9.849e-8
0.090, -9.905e-8
0.089, -1.000e-7
0.088, -1.008e-7
0.087, -1.018e-7
0.086, -1.023e-7
0.085, -1.036e-7
0.084, -1.041e-7
0.083, -1.050e-7
0.082, -1.057e-7
0.081, -1.067e-7
0.080, -1.071e-7
0.079, -1.081e-7
0.078, -1.087e-7
0.077, -1.096e-7
0.076, -1.102e-7
0.075, -1.114e-7
0.074, -1.119e-7
0.073, -1.129e-7
0.072, -1.137e-7
0.071, -1.146e-7
0.070, -1.153e-7
0.069, -1.165e-7
0.068, -1.171e-7
0.067, -1.182e-7
0.066, -1.189e-7
0.065, -1.201e-7
0.064, -1.207e-7
0.063, -1.218e-7
0.062, -1.226e-7
0.061, -1.236e-7
0.060, -1.243e-7
0.059, -1.259e-7
0.058, -1.263e-7
0.057, -1.275e-7
0.056, -1.285e-7
0.055, -1.295e-7
0.054, -1.300e-7
0.053, -1.312e-7
0.052, -1.317e-7
0.051, -1.328e-7
0.050, -1.333e-7
0.049, -1.345e-7
0.048, -1.351e-7
0.047, -1.364e-7
0.046, -1.370e-7
0.045, -1.383e-7
0.044, -1.388e-7
0.043, -1.404e-7
0.042, -1.410e-7
0.041, -1.421e-7
0.040, -1.430e-7
0.039, -1.442e-7
0.038, -1.449e-7
0.037, -1.463e-7
0.036, -1.469e-7
0.035, -1.482e-7
0.034, -1.491e-7
0.033, -1.506e-7
0.032, -1.512e-7
0.031, -1.527e-7
0.030, -1.535e-7
0.029, -1.546e-7
0.028, -1.553e-7
0.027, -1.567e-7
0.026, -1.572e-7
0.025, -1.585e-7
0.024, -1.594e-7
0.023, -1.605e-7
0.022, -1.614e-7
0.021, -1.629e-7
0.020, -1.635e-7
0.019, -1.649e-7
0.018, -1.658e-7
0.017, -1.670e-7
0.016, -1.678e-7
0.015, -1.691e-7
0.014, -1.700e-7
0.013, -1.715e-7
0.012, -1.723e-7
0.011, -1.741e-7
0.010, -1.748e-7
0.009, -1.766e-7
0.008, -1.774e-7
0.007, -1.789e-7
0.006, -1.795e-7
0.005, -1.809e-7
0.004, -1.816e-7
0.003, -1.828e-7
0.002, -1.836e-7
0.001, -1.852e-7
-0.000, -1.857e-7
-0.001, -1.872e-7
-0.002, -1.882e-7
-0.003, -1.897e-7
-0.004, -1.905e-7
-0.005, -1.922e-7
-0.006, -1.928e-7
-0.007, -1.944e-7
-0.008, -1.952e-7
-0.009, -1.968e-7
-0.010, -1.978e-7
-0.011, -1.997e-7
-0.012, -2.005e-7
-0.013, -2.023e-7
-0.014, -2.031e-7
-0.015, -2.048e-7
-0.016, -2.056e-7
-0.017, -2.072e-7
-0.018, -2.081e-7
-0.019, -2.096e-7
-0.020, -2.104e-7
-0.021, -2.122e-7
-0.022, -2.129e-7
-0.023, -2.145e-7
-0.024, -2.156e-7
-0.025, -2.171e-7
-0.026, -2.178e-7
-0.027, -2.197e-7
-0.028, -2.206e-7
-0.029, -2.223e-7
-0.030, -2.233e-7
-0.031, -2.253e-7
-0.032, -2.261e-7
-0.033, -2.278e-7
-0.034, -2.287e-7
-0.035, -2.302e-7
-0.036, -2.309e-7
-0.037, -2.327e-7
-0.038, -2.336e-7
-0.039, -2.352e-7
-0.040, -2.362e-7
-0.041, -2.379e-7
-0.042, -2.387e-7
-0.043, -2.407e-7
-0.044, -2.415e-7
-0.045, -2.432e-7
-0.046, -2.441e-7
-0.047, -2.460e-7
-0.048, -2.469e-7
-0.049, -2.488e-7
-0.050, -2.501e-7
-0.051, -2.519e-7
-0.052, -2.528e-7
-0.053, -2.549e-7
-0.054, -2.557e-7
-0.055, -2.576e-7
-0.056, -2.586e-7
-0.057, -2.605e-7
-0.058, -2.614e-7
-0.059, -2.634e-7
-0.060, -2.642e-7
-0.061, -2.660e-7
-0.062, -2.670e-7
-0.063, -2.689e-7
-0.064, -2.699e-7
-0.065, -2.719e-7
-0.066, -2.731e-7
-0.067, -2.751e-7
-0.068, -2.760e-7
-0.069, -2.781e-7
-0.070, -2.788e-7
-0.071, -2.807e-7
-0.072, -2.818e-7
-0.073, -2.837e-7
-0.074, -2.846e-7
-0.075, -2.868e-7
-0.076, -2.877e-7
-0.077, -2.896e-7
-0.078, -2.905e-7
-0.079, -2.926e-7
-0.080, -2.934e-7
-0.081, -2.955e-7
-0.082, -2.967e-7
-0.083, -2.989e-7
-0.084, -2.998e-7
-0.085, -3.021e-7
-0.086, -3.030e-7
-0.087, -3.050e-7
-0.088, -3.063e-7
-0.089, -3.083e-7
-0.090, -3.093e-7
-0.091, -3.116e-7
-0.092, -3.125e-7
-0.093, -3.145e-7
-0.094, -3.156e-7
-0.095, -3.177e-7
-0.096, -3.186e-7
-0.097, -3.209e-7
-0.098, -3.221e-7
-0.099, -3.244e-7
-0.100, -3.253e-7
-0.101, -3.277e-7
-0.102, -3.284e-7
-0.103, -3.304e-7
-0.104, -3.315e-7
-0.105, -3.336e-7
-0.106, -3.345e-7
-0.107, -3.365e-7
-0.108, -3.377e-7
-0.109, -3.397e-7
-0.110, -3.407e-7
-0.111, -3.431e-7
-0.112, -3.442e-7
-0.113, -3.467e-7
-0.114, -3.478e-7
-0.115, -3.502e-7
-0.116, -3.511e-7
-0.117, -3.535e-7
-0.118, -3.544e-7
-0.119, -3.566e-7
-0.120, -3.579e-7
-0.121, -3.602e-7
-0.122, -3.611e-7
-0.123, -3.635e-7
-0.124, -3.645e-7
-0.125, -3.667e-7
-0.126, -3.678e-7
-0.127, -3.705e-7
-0.128, -3.717e-7
-0.129, -3.741e-7
-0.130, -3.753e-7
-0.131, -3.772e-7
-0.132, -3.781e-7
-0.133, -3.806e-7
-0.134, -3.815e-7
-0.135, -3.840e-7
-0.136, -3.852e-7
-0.137, -3.875e-7
-0.138, -3.885e-7
-0.139, -3.910e-7
-0.140, -3.920e-7
-0.141, -3.946e-7
-0.142, -3.958e-7
-0.143, -3.984e-7
-0.144, -3.993e-7
-0.145, -4.019e-7
-0.146, -4.032e-7
-0.147, -4.055e-7
-0.148, -4.067e-7
-0.149, -4.096e-7
-0.150, -4.106e-7
-0.151, -4.127e-7
-0.152, -4.142e-7
-0.153, -4.165e-7
-0.154, -4.177e-7
-0.155, -4.205e-7
-0.156, -4.218e-7
-0.157, -4.243e-7
-0.158, -4.252e-7
-0.159, -4.277e-7
-0.160, -4.289e-7
-0.161, -4.314e-7
-0.162, -4.328e-7
-0.163, -4.353e-7
-0.164, -4.363e-7
-0.165, -4.390e-7
-0.166, -4.400e-7
-0.167, -4.424e-7
-0.168, -4.440e-7
-0.169, -4.467e-7
-0.170, -4.478e-7
-0.171, -4.505e-7
-0.172, -4.516e-7
-0.173, -4.543e-7
-0.174, -4.555e-7
-0.175, -4.585e-7
-0.176, -4.595e-7
-0.177, -4.621e-7
-0.178, -4.635e-7
-0.179, -4.660e-7
-0.180, -4.673e-7
-0.181, -4.705e-7
-0.182, -4.717e-7
-0.183, -4.741e-7
-0.184, -4.755e-7
-0.185, -4.779e-7
-0.186, -4.790e-7
-0.187, -4.818e-7
-0.188, -4.831e-7
-0.189, -4.857e-7
-0.190, -4.869e-7
-0.191, -4.895e-7
-0.192, -4.909e-7
-0.193, -4.935e-7
-0.194, -4.952e-7
-0.195, -4.978e-7
-0.196, -4.989e-7
-0.197, -5.018e-7
-0.198, -5.030e-7
-0.199, -5.058e-7
-0.200, -5.075e-7
-0.201, -5.104e-7
-0.202, -5.115e-7
-0.203, -5.146e-7
-0.204, -5.159e-7
-0.205, -5.191e-7
-0.206, -5.206e-7
-0.207, -5.232e-7
-0.208, -5.243e-7
-0.209, -5.269e-7
-0.210, -5.284e-7
-0.211, -5.312e-7
-0.212, -5.326e-7
-0.213, -5.357e-7
-0.214, -5.370e-7
-0.215, -5.397e-7
-0.216, -5.413e-7
-0.217, -5.443e-7
-0.218, -5.455e-7
-0.219, -5.483e-7
-0.220, -5.497e-7
-0.221, -5.525e-7
-0.222, -5.541e-7
-0.223, -5.570e-7
-0.224, -5.585e-7
-0.225, -5.616e-7
-0.226, -5.633e-7
-0.227, -5.664e-7
-0.228, -5.681e-7
-0.229, -5.713e-7
-0.230, -5.725e-7
-0.231, -5.751e-7
-0.232, -5.765e-7
-0.233, -5.795e-7
-0.234, -5.811e-7
-0.235, -5.841e-7
-0.236, -5.854e-7
-0.237, -5.886e-7
-0.238, -5.902e-7
-0.239, -5.937e-7
-0.240, -5.951e-7
-0.241, -5.980e-7
-0.242, -5.996e-7
-0.243, -6.025e-7
-0.244, -6.040e-7
-0.245, -6.074e-7
-0.246, -6.087e-7
-0.247, -6.116e-7
-0.248, -6.138e-7
-0.249, -6.174e-7
-0.250, -6.190e-7
-0.251, -6.220e-7
-0.252, -6.234e-7
-0.253, -6.264e-7
-0.254, -6.280e-7
-0.255, -6.311e-7
-0.256, -6.327e-7
-0.257, -6.358e-7
-0.258, -6.376e-7
-0.259, -6.408e-7
-0.260, -6.425e-7
-0.261, -6.460e-7
-0.262, -6.473e-7
-0.263, -6.505e-7
-0.264, -6.524e-7
-0.265, -6.554e-7
-0.266, -6.570e-7
-0.267, -6.602e-7
-0.268, -6.619e-7
-0.269, -6.655e-7
-0.270, -6.676e-7
-0.271, -6.708e-7
-0.272, -6.723e-7
-0.273, -6.756e-7
-0.274, -6.776e-7
-0.275, -6.809e-7
-0.276, -6.824e-7
-0.277, -6.859e-7
-0.278, -6.875e-7
-0.279, -6.909e-7
-0.280, -6.929e-7
-0.281, -6.962e-7
-0.282, -6.978e-7
-0.283, -7.014e-7
-0.284, -7.032e-7
-0.285, -7.065e-7
-0.286, -7.082e-7
-0.287, -7.118e-7
-0.288, -7.137e-7
-0.289, -7.174e-7
-0.290, -7.194e-7
-0.291, -7.225e-7
-0.292, -7.243e-7
-0.293, -7.282e-7
-0.294, -7.298e-7
-0.295, -7.332e-7
-0.296, -7.351e-7
-0.297, -7.384e-7
-0.298, -7.403e-7
-0.299, -7.440e-7
-0.300, -7.458e-7
-0.301, -7.492e-7
-0.302, -7.513e-7
-0.303, -7.551e-7
-0.304, -7.569e-7
-0.305, -7.604e-7
-0.306, -7.628e-7
-0.307, -7.664e-7
-0.308, -7.678e-7
-0.309, -7.713e-7
-0.310, -7.731e-7
-0.311, -7.767e-7
-0.312, -7.792e-7
-0.313, -7.831e-7
-0.314, -7.851e-7
-0.315, -7.893e-7
-0.316, -7.912e-7
-0.317, -7.945e-7
-0.318, -7.965e-7
-0.319, -8.003e-7
-0.320, -8.023e-7
-0.321, -8.061e-7
-0.322, -8.082e-7
-0.323, -8.120e-7
-0.324, -8.142e-7
-0.325, -8.179e-7
-0.326, -8.196e-7
-0.327, -8.233e-7
-0.328, -8.256e-7
-0.329, -8.293e-7
-0.330, -8.315e-7
-0.331, -8.358e-7
-0.332, -8.381e-7
-0.333, -8.419e-7
-0.334, -8.439e-7
-0.335, -8.478e-7
-0.336, -8.499e-7
-0.337, -8.538e-7
-0.338, -8.561e-7
-0.339, -8.604e-7
-0.340, -8.628e-7
-0.341, -8.667e-7
-0.342, -8.685e-7
-0.343, -8.723e-7
-0.344, -8.748e-7
-0.345, -8.786e-7
-0.346, -8.808e-7
-0.347, -8.853e-7
-0.348, -8.878e-7
-0.349, -8.918e-7
-0.350, -8.939e-7
-0.351, -8.981e-7
-0.352, -9.003e-7
-0.353, -9.043e-7
-0.354, -9.075e-7
-0.355, -9.114e-7
-0.356, -9.135e-7
-0.357, -9.174e-7
-0.358, -9.196e-7
-0.359, -9.236e-7
-0.360, -9.262e-7
-0.361, -9.301e-7
-0.362, -9.323e-7
-0.363, -9.372e-7
-0.364, -9.398e-7
-0.365, -9.439e-7
-0.366, -9.464e-7
-0.367, -9.507e-7
-0.368, -9.530e-7
-0.369, -9.573e-7
-0.370, -9.603e-7
-0.371, -9.644e-7
-0.372, -9.665e-7
-0.373, -9.710e-7
-0.374, -9.733e-7
-0.375, -9.774e-7
-0.376, -9.801e-7
-0.377, -9.845e-7
-0.378, -9.871e-7
-0.379, -9.916e-7
-0.380, -9.944e-7
-0.381, -9.988e-7
-0.382, -1.001e-6
-0.383, -1.006e-6
-0.384, -1.008e-6
-0.385, -1.013e-6
-0.386, -1.015e-6
-0.387, -1.020e-6
-0.388, -1.022e-6
-0.389, -1.027e-6
-0.390, -1.029e-6
-0.391, -1.034e-6
-0.392, -1.037e-6
-0.393, -1.041e-6
-0.394, -1.044e-6
-0.395, -1.049e-6
-0.396, -1.052e-6
-0.397, -1.056e-6
-0.398, -1.059e-6
-0.399, -1.064e-6
-0.400, -1.066e-6
-0.401, -1.071e-6
-0.402, -1.073e-6
-0.403, -1.078e-6
-0.404, -1.081e-6
-0.405, -1.086e-6
-0.406, -1.088e-6
-0.407, -1.093e-6
-0.408, -1.096e-6
-0.409, -1.101e-6
-0.410, -1.103e-6
-0.411, -1.108e-6
-0.412, -1.111e-6
-0.413, -1.115e-6
-0.414, -1.118e-6
-0.415, -1.123e-6
-0.416, -1.126e-6
-0.417, -1.131e-6
-0.418, -1.134e-6
-0.419, -1.138e-6
-0.420, -1.141e-6
-0.421, -1.146e-6
-0.422, -1.149e-6
-0.423, -1.154e-6
-0.424, -1.158e-6
-0.425, -1.162e-6
-0.426, -1.165e-6
-0.427, -1.170e-6
-0.428, -1.173e-6
-0.429, -1.177e-6
-0.430, -1.181e-6
-0.431, -1.186e-6
-0.432, -1.189e-6
-0.433, -1.193e-6
-0.434, -1.197e-6
-0.435, -1.201e-6
-0.436, -1.204e-6
-0.437, -1.210e-6
-0.438, -1.213e-6
-0.439, -1.217e-6
-0.440, -1.221e-6
-0.441, -1.225e-6
-0.442, -1.229e-6
-0.443, -1.234e-6
-0.444, -1.237e-6
-0.445, -1.241e-6
-0.446, -1.244e-6
-0.447, -1.250e-6
-0.448, -1.253e-6
-0.449, -1.258e-6
-0.450, -1.261e-6
-0.451, -1.266e-6
-0.452, -1.269e-6
-0.453, -1.274e-6
-0.454, -1.277e-6
-0.455, -1.283e-6
-0.456, -1.286e-6
-0.457, -1.291e-6
-0.458, -1.294e-6
-0.459, -1.299e-6
-0.460, -1.302e-6
-0.461, -1.307e-6
-0.462, -1.310e-6
-0.463, -1.316e-6
-0.464, -1.319e-6
-0.465, -1.324e-6
-0.466, -1.327e-6
-0.467, -1.332e-6
-0.468, -1.335e-6
-0.469, -1.340e-6
-0.470, -1.344e-6
-0.471, -1.351e-6
-0.472, -1.354e-6
-0.473, -1.357e-6
-0.474, -1.360e-6
-0.475, -1.365e-6
-0.476, -1.368e-6
-0.477, -1.374e-6
-0.478, -1.377e-6
-0.479, -1.383e-6
-0.480, -1.386e-6
-0.481, -1.390e-6
-0.482, -1.393e-6
-0.483, -1.398e-6
-0.484, -1.402e-6
-0.485, -1.407e-6
-0.486, -1.410e-6
-0.487, -1.415e-6
-0.488, -1.418e-6
-0.489, -1.423e-6
-0.490, -1.427e-6
-0.491, -1.432e-6
-0.492, -1.435e-6
-0.493, -1.440e-6
-0.494, -1.443e-6
-0.495, -1.449e-6
-0.496, -1.452e-6
-0.497, -1.457e-6
-0.498, -1.460e-6
-0.499, -1.465e-6
-0.500, -1.468e-6
-0.501, -1.474e-6
-0.502, -1.477e-6
-0.503, -1.482e-6
-0.504, -1.485e-6
-0.505, -1.490e-6
-0.506, -1.493e-6
-0.507, -1.499e-6
-0.508, -1.502e-6
-0.509, -1.506e-6
-0.510, -1.509e-6
-0.511, -1.515e-6
-0.512, -1.517e-6
-0.513, -1.522e-6
-0.514, -1.526e-6
-0.515, -1.531e-6
-0.516, -1.534e-6
-0.517, -1.539e-6
-0.518, -1.542e-6
-0.519, -1.547e-6
-0.520, -1.551e-6
-0.521, -1.555e-6
-0.522, -1.558e-6
-0.523, -1.563e-6
-0.524, -1.566e-6
-0.525, -1.571e-6
-0.526, -1.574e-6
-0.527, -1.580e-6
-0.528, -1.583e-6
-0.529, -1.588e-6
-0.530, -1.591e-6
-0.531, -1.596e-6
-0.532, -1.599e-6
-0.533, -1.604e-6
-0.534, -1.606e-6
-0.535, -1.611e-6
-0.536, -1.615e-6
-0.537, -1.620e-6
-0.538, -1.623e-6
-0.539, -1.627e-6
-0.540, -1.630e-6
-0.541, -1.635e-6
-0.542, -1.638e-6
-0.543, -1.644e-6
-0.544, -1.647e-6
-0.545, -1.651e-6
-0.546, -1.654e-6
-0.547, -1.659e-6
-0.548, -1.662e-6
-0.549, -1.667e-6
-0.550, -1.669e-6
-0.551, -1.674e-6
-0.552, -1.677e-6
-0.553, -1.682e-6
-0.554, -1.685e-6
-0.555, -1.690e-6
-0.556, -1.693e-6
-0.557, -1.698e-6
-0.558, -1.700e-6
-0.559, -1.705e-6
-0.560, -1.707e-6
-0.561, -1.712e-6
-0.562, -1.715e-6
-0.563, -1.720e-6
-0.564, -1.723e-6
-0.565, -1.727e-6
-0.566, -1.729e-6
-0.567, -1.734e-6
-0.568, -1.737e-6
-0.569, -1.742e-6
-0.570, -1.745e-6
-0.571, -1.749e-6
-0.572, -1.752e-6
-0.573, -1.756e-6
-0.574, -1.759e-6
-0.575, -1.763e-6
-0.576, -1.766e-6
-0.577, -1.771e-6
-0.578, -1.774e-6
-0.579, -1.778e-6
-0.580, -1.780e-6
-0.581, -1.785e-6
-0.582, -1.787e-6
-0.583, -1.792e-6
-0.584, -1.795e-6
-0.585, -1.799e-6
-0.586, -1.802e-6
-0.587, -1.806e-6
-0.588, -1.809e-6
-0.589, -1.813e-6
-0.590, -1.815e-6
-0.591, -1.820e-6
-0.592, -1.822e-6
-0.593, -1.826e-6
-0.594, -1.829e-6
-0.595, -1.833e-6
-0.596, -1.836e-6
-0.597, -1.840e-6
-0.598, -1.842e-6
-0.599, -1.847e-6
-0.600, -1.849e-6
-0.601, -1.853e-6
-0.602, -1.856e-6
-0.603, -1.860e-6
-0.604, -1.862e-6
-0.605, -1.867e-6
-0.606, -1.869e-6
-0.607, -1.873e-6
-0.608, -1.876e-6
-0.609, -1.880e-6
-0.610, -1.882e-6
-0.611, -1.886e-6
-0.612, -1.888e-6
-0.613, -1.893e-6
-0.614, -1.895e-6
-0.615, -1.899e-6
-0.616, -1.901e-6
-0.617, -1.905e-6
-0.618, -1.907e-6
-0.619, -1.911e-6
-0.620, -1.914e-6
-0.621, -1.918e-6
-0.622, -1.920e-6
-0.623, -1.925e-6
-0.624, -1.927e-6
-0.625, -1.931e-6
-0.626, -1.933e-6
-0.627, -1.937e-6
-0.628, -1.939e-6
-0.629, -1.943e-6
-0.630, -1.945e-6
-0.631, -1.949e-6
-0.632, -1.951e-6
-0.633, -1.955e-6
-0.634, -1.957e-6
-0.635, -1.961e-6
-0.636, -1.962e-6
-0.637, -1.966e-6
-0.638, -1.969e-6
-0.639, -1.973e-6
-0.640, -1.975e-6
-0.641, -1.979e-6
-0.642, -1.981e-6
-0.643, -1.984e-6
-0.644, -1.986e-6
-0.645, -1.990e-6
-0.646, -1.993e-6
-0.647, -1.996e-6
-0.648, -1.998e-6
-0.649, -2.002e-6
-0.650, -2.004e-6
-0.651, -2.008e-6
-0.652, -2.009e-6
-0.653, -2.013e-6
-0.654, -2.015e-6
-0.655, -2.019e-6
-0.656, -2.021e-6
-0.657, -2.024e-6
-0.658, -2.027e-6
-0.659, -2.031e-6
-0.660, -2.032e-6
-0.661, -2.036e-6
-0.662, -2.038e-6
-0.663, -2.042e-6
-0.664, -2.044e-6
-0.665, -2.047e-6
-0.666, -2.049e-6
-0.667, -2.052e-6
-0.668, -2.054e-6
-0.669, -2.058e-6
-0.670, -2.059e-6
-0.671, -2.063e-6
-0.672, -2.066e-6
-0.673, -2.069e-6
-0.674, -2.071e-6
-0.675, -2.074e-6
-0.676, -2.076e-6
-0.677, -2.080e-6
-0.678, -2.082e-6
-0.679, -2.086e-6
-0.680, -2.088e-6
-0.681, -2.091e-6
-0.682, -2.092e-6
-0.683, -2.096e-6
-0.684, -2.098e-6
-0.685, -2.101e-6
-0.686, -2.103e-6
-0.687, -2.106e-6
-0.688, -2.108e-6
-0.689, -2.112e-6
-0.690, -2.114e-6
-0.691, -2.117e-6
-0.692, -2.118e-6
-0.693, -2.122e-6
-0.694, -2.124e-6
-0.695, -2.127e-6
-0.696, -2.129e-6
-0.697, -2.133e-6
-0.698, -2.135e-6
-0.699, -2.139e-6
-0.700, -2.140e-6
-0.701, -2.144e-6
-0.702, -2.145e-6
-0.703, -2.149e-6
-0.704, -2.150e-6
-0.705, -2.153e-6
-0.706, -2.155e-6
-0.707, -2.159e-6
-0.708, -2.161e-6
-0.709, -2.165e-6
-0.710, -2.166e-6
-0.711, -2.169e-6
-0.712, -2.171e-6
-0.713, -2.174e-6
-0.714, -2.176e-6
-0.715, -2.180e-6
-0.716, -2.181e-6
-0.717, -2.184e-6
-0.718, -2.186e-6
-0.719, -2.190e-6
-0.720, -2.191e-6
-0.721, -2.194e-6
-0.722, -2.196e-6
-0.723, -2.200e-6
-0.724, -2.202e-6
-0.725, -2.205e-6
-0.726, -2.206e-6
-0.727, -2.210e-6
-0.728, -2.212e-6
-0.729, -2.215e-6
-0.730, -2.216e-6
-0.731, -2.220e-6
-0.732, -2.222e-6
-0.733, -2.226e-6
-0.734, -2.227e-6
-0.735, -2.231e-6
-0.736, -2.232e-6
-0.737, -2.236e-6
-0.738, -2.238e-6
-0.739, -2.241e-6
-0.740, -2.243e-6
-0.741, -2.247e-6
-0.742, -2.248e-6
-0.743, -2.251e-6
-0.744, -2.253e-6
-0.745, -2.256e-6
-0.746, -2.257e-6
-0.747, -2.261e-6
-0.748, -2.263e-6
-0.749, -2.267e-6
-0.750, -2.268e-6
-0.751, -2.272e-6
-0.752, -2.273e-6
-0.753, -2.276e-6
-0.754, -2.278e-6
-0.755, -2.282e-6
-0.756, -2.284e-6
-0.757, -2.288e-6
-0.758, -2.289e-6
-0.759, -2.292e-6
-0.760, -2.293e-6
-0.761, -2.297e-6
-0.762, -2.299e-6
-0.763, -2.302e-6
-0.764, -2.304e-6
-0.765, -2.306e-6
-0.766, -2.308e-6
-0.767, -2.311e-6
-0.768, -2.313e-6
-0.769, -2.316e-6
-0.770, -2.318e-6
-0.771, -2.321e-6
-0.772, -2.322e-6
-0.773, -2.326e-6
-0.774, -2.327e-6
-0.775, -2.331e-6
-0.776, -2.334e-6
-0.777, -2.337e-6
-0.778, -2.338e-6
-0.779, -2.341e-6
-0.780, -2.344e-6
-0.781, -2.347e-6
-0.782, -2.348e-6
-0.783, -2.352e-6
-0.784, -2.353e-6
-0.785, -2.357e-6
-0.786, -2.359e-6
-0.787, -2.363e-6
-0.788, -2.364e-6
-0.789, -2.369e-6
-0.790, -2.370e-6
-0.791, -2.373e-6
-0.792, -2.374e-6
-0.793, -2.376e-6
-0.794, -2.378e-6
-0.795, -2.382e-6
-0.796, -2.384e-6
-0.797, -2.387e-6
-0.798, -2.390e-6
-0.799, -2.394e-6
-0.800, -2.396e-6
-0.801, -2.399e-6
-0.802, -2.402e-6
-0.803, -2.406e-6
-0.804, -2.407e-6
-0.805, -2.411e-6
-0.806, -2.412e-6
-0.807, -2.416e-6
-0.808, -2.417e-6
-0.809, -2.421e-6
-0.810, -2.423e-6
-0.811, -2.429e-6
-0.812, -2.431e-6
-0.813, -2.434e-6
-0.814, -2.436e-6
-0.815, -2.439e-6
-0.816, -2.441e-6
-0.817, -2.444e-6
-0.818, -2.446e-6
-0.819, -2.450e-6
-0.820, -2.449e-6
-0.821, -2.455e-6
-0.822, -2.458e-6
-0.823, -2.461e-6
-0.824, -2.463e-6
-0.825, -2.467e-6
-0.826, -2.469e-6
-0.827, -2.472e-6
-0.828, -2.473e-6
-0.829, -2.476e-6
-0.830, -2.478e-6
-0.831, -2.482e-6
-0.832, -2.484e-6
-0.833, -2.488e-6
-0.834, -2.490e-6
-0.835, -2.493e-6
-0.836, -2.494e-6
-0.837, -2.498e-6
-0.838, -2.501e-6
-0.839, -2.505e-6
-0.840, -2.507e-6
-0.841, -2.510e-6
-0.842, -2.512e-6
-0.843, -2.516e-6
-0.844, -2.518e-6
-0.845, -2.521e-6
-0.846, -2.523e-6
-0.847, -2.527e-6
-0.848, -2.528e-6
-0.849, -2.533e-6
-0.850, -2.536e-6
-0.851, -2.539e-6
-0.852, -2.542e-6
-0.853, -2.546e-6
-0.854, -2.547e-6
-0.855, -2.549e-6
-0.856, -2.551e-6
-0.857, -2.555e-6
-0.858, -2.558e-6
-0.859, -2.562e-6
-0.860, -2.563e-6
-0.861, -2.567e-6
-0.862, -2.571e-6
-0.863, -2.575e-6
-0.864, -2.576e-6
-0.865, -2.580e-6
-0.866, -2.583e-6
-0.867, -2.586e-6
-0.868, -2.588e-6
-0.869, -2.593e-6
-0.870, -2.595e-6
-0.871, -2.599e-6
-0.872, -2.602e-6
-0.873, -2.606e-6
-0.874, -2.607e-6
-0.875, -2.610e-6
-0.876, -2.614e-6
-0.877, -2.617e-6
-0.878, -2.619e-6
-0.879, -2.623e-6
-0.880, -2.625e-6
-0.881, -2.629e-6
-0.882, -2.631e-6
-0.883, -2.634e-6
-0.884, -2.637e-6
-0.885, -2.642e-6
-0.886, -2.643e-6
-0.887, -2.645e-6
-0.888, -2.647e-6
-0.889, -2.651e-6
-0.890, -2.652e-6
-0.891, -2.654e-6
-0.892, -2.656e-6
-0.893, -2.659e-6
-0.894, -2.660e-6
-0.895, -2.665e-6
-0.896, -2.667e-6
-0.897, -2.672e-6
-0.898, -2.675e-6
-0.899, -2.680e-6
-0.900, -2.684e-6
-0.901, -2.688e-6
-0.902, -2.690e-6
-0.903, -2.694e-6
-0.904, -2.697e-6
-0.905, -2.702e-6
-0.906, -2.704e-6
-0.907, -2.709e-6
-0.908, -2.713e-6
-0.909, -2.719e-6
-0.910, -2.721e-6
-0.911, -2.726e-6
-0.912, -2.728e-6
-0.913, -2.731e-6
-0.914, -2.732e-6
-0.915, -2.736e-6
-0.916, -2.740e-6
-0.917, -2.745e-6
-0.918, -2.745e-6
-0.919, -2.747e-6
-0.920, -2.751e-6
-0.921, -2.756e-6
-0.922, -2.759e-6
-0.923, -2.766e-6
-0.924, -2.771e-6
-0.925, -2.775e-6
-0.926, -2.777e-6
-0.927, -2.780e-6
-0.928, -2.781e-6
-0.929, -2.781e-6
-0.930, -2.787e-6
-0.931, -2.794e-6
-0.932, -2.798e-6
-0.933, -2.801e-6
-0.934, -2.804e-6
-0.935, -2.805e-6
-0.936, -2.804e-6
-0.937, -2.803e-6
-0.938, -2.808e-6
-0.939, -2.819e-6
-0.940, -2.827e-6
-0.941, -2.830e-6
-0.942, -2.837e-6
-0.943, -2.836e-6
-0.944, -2.840e-6
-0.945, -2.845e-6
-0.946, -2.854e-6
-0.947, -2.860e-6
-0.948, -2.862e-6
-0.949, -2.866e-6
-0.950, -2.868e-6
-0.951, -2.876e-6
-0.952, -2.878e-6
-0.953, -2.878e-6
-0.954, -2.883e-6
-0.955, -2.885e-6
-0.956, -2.892e-6
-0.957, -2.899e-6
-0.958, -2.903e-6
-0.959, -2.910e-6
-0.960, -2.914e-6
-0.961, -2.921e-6
-0.962, -2.926e-6
-0.963, -2.933e-6
-0.964, -2.935e-6
-0.965, -2.941e-6
-0.966, -2.944e-6
-0.967, -2.951e-6
-0.968, -2.958e-6
-0.969, -2.964e-6
-0.970, -2.964e-6
-0.971, -2.960e-6
-0.972, -2.968e-6
-0.973, -2.978e-6
-0.974, -2.980e-6
-0.975, -2.988e-6
-0.976, -2.996e-6
-0.977, -3.001e-6
-0.978, -3.006e-6
-0.979, -3.011e-6
-0.980, -3.015e-6
-0.981, -3.022e-6
-0.982, -3.027e-6
-0.983, -3.030e-6
-0.984, -3.033e-6
-0.985, -3.036e-6
-0.986, -3.041e-6
-0.987, -3.051e-6
-0.988, -3.057e-6
-0.989, -3.065e-6
-0.990, -3.067e-6
-0.991, -3.069e-6
-0.992, -3.073e-6
-0.993, -3.082e-6
-0.994, -3.087e-6
-0.995, -3.093e-6
-0.996, -3.096e-6
-0.997, -3.107e-6
-0.998, -3.111e-6
-0.999, -3.119e-6
-1.000, -3.119e-6
-0.999, -3.090e-6
-0.998, -3.059e-6
-0.997, -3.029e-6
-0.996, -2.998e-6
-0.995, -2.967e-6
-0.994, -2.944e-6
-0.993, -2.918e-6
-0.992, -2.896e-6
-0.991, -2.871e-6
-0.990, -2.843e-6
-0.989, -2.822e-6
-0.988, -2.801e-6
-0.987, -2.780e-6
-0.986, -2.755e-6
-0.985, -2.735e-6
-0.984, -2.713e-6
-0.983, -2.697e-6
-0.982, -2.682e-6
-0.981, -2.671e-6
-0.980, -2.654e-6
-0.979, -2.633e-6
-0.978, -2.614e-6
-0.977, -2.597e-6
-0.976, -2.583e-6
-0.975, -2.564e-6
-0.974, -2.547e-6
-0.973, -2.536e-6
-0.972, -2.519e-6
-0.971, -2.509e-6
-0.970, -2.494e-6
-0.969, -2.478e-6
-0.968, -2.463e-6
-0.967, -2.451e-6
-0.966, -2.434e-6
-0.965, -2.421e-6
-0.964, -2.410e-6
-0.963, -2.399e-6
-0.962, -2.383e-6
-0.961, -2.375e-6
-0.960, -2.364e-6
-0.959, -2.348e-6
-0.958, -2.333e-6
-0.957, -2.329e-6
-0.956, -2.314e-6
-0.955, -2.298e-6
-0.954, -2.285e-6
-0.953, -2.278e-6
-0.952, -2.269e-6
-0.951, -2.259e-6
-0.950, -2.245e-6
-0.949, -2.234e-6
-0.948, -2.221e-6
-0.947, -2.209e-6
-0.946, -2.198e-6
-0.945, -2.190e-6
-0.944, -2.180e-6
-0.943, -2.171e-6
-0.942, -2.161e-6
-0.941, -2.151e-6
-0.940, -2.139e-6
-0.939, -2.129e-6
-0.938, -2.120e-6
-0.937, -2.112e-6
-0.936, -2.099e-6
-0.935, -2.092e-6
-0.934, -2.083e-6
-0.933, -2.076e-6
-0.932, -2.068e-6
-0.931, -2.057e-6
-0.930, -2.046e-6
-0.929, -2.035e-6
-0.928, -2.024e-6
-0.927, -2.013e-6
-0.926, -2.004e-6
-0.925, -1.996e-6
-0.924, -1.985e-6
-0.923, -1.977e-6
-0.922, -1.971e-6
-0.921, -1.964e-6
-0.920, -1.956e-6
-0.919, -1.949e-6
-0.918, -1.943e-6
-0.917, -1.937e-6
-0.916, -1.926e-6
-0.915, -1.917e-6
-0.914, -1.911e-6
-0.913, -1.901e-6
-0.912, -1.893e-6
-0.911, -1.884e-6
-0.910, -1.875e-6
-0.909, -1.870e-6
-0.908, -1.862e-6
-0.907, -1.854e-6
-0.906, -1.846e-6
-0.905, -1.839e-6
-0.904, -1.830e-6
-0.903, -1.823e-6
-0.902, -1.819e-6
-0.901, -1.812e-6
-0.900, -1.805e-6
-0.899, -1.798e-6
-0.898, -1.790e-6
-0.897, -1.784e-6
-0.896, -1.774e-6
-0.895, -1.768e-6
-0.894, -1.763e-6
-0.893, -1.758e-6
-0.892, -1.751e-6
-0.891, -1.746e-6
-0.890, -1.736e-6
-0.889, -1.730e-6
-0.888, -1.724e-6
-0.887, -1.716e-6
-0.886, -1.706e-6
-0.885, -1.700e-6
-0.884, -1.694e-6
-0.883, -1.688e-6
-0.882, -1.683e-6
-0.881, -1.678e-6
-0.880, -1.670e-6
-0.879, -1.664e-6
-0.878, -1.658e-6
-0.877, -1.652e-6
-0.876, -1.645e-6
-0.875, -1.641e-6
-0.874, -1.634e-6
-0.873, -1.627e-6
-0.872, -1.620e-6
-0.871, -1.615e-6
-0.870, -1.608e-6
-0.869, -1.603e-6
-0.868, -1.595e-6
-0.867, -1.591e-6
-0.866, -1.583e-6
-0.865, -1.577e-6
-0.864, -1.572e-6
-0.863, -1.567e-6
-0.862, -1.561e-6
-0.861, -1.555e-6
-0.860, -1.550e-6
-0.859, -1.545e-6
-0.858, -1.538e-6
-0.857, -1.533e-6
-0.856, -1.528e-6
-0.855, -1.523e-6
-0.854, -1.518e-6
-0.853, -1.512e-6
-0.852, -1.506e-6
-0.851, -1.502e-6
-0.850, -1.495e-6
-0.849, -1.489e-6
-0.848, -1.483e-6
-0.847, -1.479e-6
-0.846, -1.472e-6
-0.845, -1.466e-6
-0.844, -1.461e-6
-0.843, -1.457e-6
-0.842, -1.451e-6
-0.841, -1.447e-6
-0.840, -1.440e-6
-0.839, -1.436e-6
-0.838, -1.431e-6
-0.837, -1.427e-6
-0.836, -1.419e-6
-0.835, -1.415e-6
-0.834, -1.409e-6
-0.833, -1.405e-6
-0.832, -1.400e-6
-0.831, -1.397e-6
-0.830, -1.391e-6
-0.829, -1.387e-6
-0.828, -1.382e-6
-0.827, -1.376e-6
-0.826, -1.371e-6
-0.825, -1.367e-6
-0.824, -1.361e-6
-0.823, -1.358e-6
-0.822, -1.354e-6
-0.821, -1.350e-6
-0.820, -1.344e-6
-0.819, -1.340e-6
-0.818, -1.335e-6
-0.817, -1.331e-6
-0.816, -1.327e-6
-0.815, -1.322e-6
-0.814, -1.317e-6
-0.813, -1.312e-6
-0.812, -1.306e-6
-0.811, -1.303e-6
-0.810, -1.298e-6
-0.809, -1.294e-6
-0.808, -1.288e-6
-0.807, -1.285e-6
-0.806, -1.280e-6
-0.805, -1.275e-6
-0.804, -1.269e-6
-0.803, -1.264e-6
-0.802, -1.260e-6
-0.801, -1.256e-6
-0.800, -1.252e-6
-0.799, -1.248e-6
-0.798, -1.244e-6
-0.797, -1.239e-6
-0.796, -1.235e-6
-0.795, -1.231e-6
-0.794, -1.226e-6
-0.793, -1.222e-6
-0.792, -1.216e-6
-0.791, -1.214e-6
-0.790, -1.209e-6
-0.789, -1.204e-6
-0.788, -1.200e-6
-0.787, -1.196e-6
-0.786, -1.192e-6
-0.785, -1.188e-6
-0.784, -1.183e-6
-0.783, -1.180e-6
-0.782, -1.174e-6
-0.781, -1.171e-6
-0.780, -1.168e-6
-0.779, -1.164e-6
-0.778, -1.160e-6
-0.777, -1.156e-6
-0.776, -1.150e-6
-0.775, -1.147e-6
-0.774, -1.142e-6
-0.773, -1.139e-6
-0.772, -1.135e-6
-0.771, -1.131e-6
-0.770, -1.127e-6
-0.769, -1.123e-6
-0.768, -1.118e-6
-0.767, -1.115e-6
-0.766, -1.111e-6
-0.765, -1.107e-6
-0.764, -1.102e-6
-0.763, -1.098e-6
-0.762, -1.094e-6
-0.761, -1.090e-6
-0.760, -1.087e-6
-0.759, -1.083e-6
-0.758, -1.079e-6
-0.757, -1.076e-6
-0.756, -1.072e-6
-0.755, -1.069e-6
-0.754, -1.064e-6
-0.753, -1.061e-6
-0.752, -1.057e-6
-0.751, -1.053e-6
-0.750, -1.048e-6
-0.749, -1.045e-6
-0.748, -1.041e-6
-0.747, -1.038e-6
-0.746, -1.034e-6
-0.745, -1.030e-6
-0.744, -1.026e-6
-0.743, -1.023e-6
-0.742, -1.019e-6
-0.741, -1.016e-6
-0.740, -1.012e-6
-0.739, -1.009e-6
-0.738, -1.004e-6
-0.737, -1.001e-6
-0.736, -9.973e-7
-0.735, -9.942e-7
-0.734, -9.895e-7
-0.733, -9.864e-7
-0.732, -9.819e-7
-0.731, -9.790e-7
-0.730, -9.753e-7
-0.729, -9.725e-7
-0.728, -9.683e-7
-0.727, -9.656e-7
-0.726, -9.614e-7
-0.725, -9.584e-7
-0.724, -9.540e-7
-0.723, -9.512e-7
-0.722, -9.473e-7
-0.721, -9.442e-7
-0.720, -9.400e-7
-0.719, -9.370e-7
-0.718, -9.326e-7
-0.717, -9.298e-7
-0.716, -9.260e-7
-0.715, -9.231e-7
-0.714, -9.191e-7
-0.713, -9.167e-7
-0.712, -9.130e-7
-0.711, -9.099e-7
-0.710, -9.055e-7
-0.709, -9.027e-7
-0.708, -8.989e-7
-0.707, -8.962e-7
-0.706, -8.924e-7
-0.705, -8.899e-7
-0.704, -8.854e-7
-0.703, -8.824e-7
-0.702, -8.784e-7
-0.701, -8.758e-7
-0.700, -8.718e-7
-0.699, -8.692e-7
-0.698, -8.658e-7
-0.697, -8.633e-7
-0.696, -8.588e-7
-0.695, -8.560e-7
-0.694, -8.520e-7
-0.693, -8.490e-7
-0.692, -8.450e-7
-0.691, -8.428e-7
-0.690, -8.389e-7
-0.689, -8.359e-7
-0.688, -8.322e-7
-0.687, -8.297e-7
-0.686, -8.256e-7
-0.685, -8.231e-7
-0.684, -8.196e-7
-0.683, -8.171e-7
-0.682, -8.137e-7
-0.681, -8.111e-7
-0.680, -8.070e-7
-0.679, -8.047e-7
-0.678, -8.009e-7
-0.677, -7.984e-7
-0.676, -7.948e-7
-0.675, -7.924e-7
-0.674, -7.878e-7
-0.673, -7.858e-7
-0.672, -7.821e-7
-0.671, -7.797e-7
-0.670, -7.756e-7
-0.669, -7.733e-7
-0.668, -7.698e-7
-0.667, -7.675e-7
-0.666, -7.640e-7
-0.665, -7.614e-7
-0.664, -7.574e-7
-0.663, -7.550e-7
-0.662, -7.513e-7
-0.661, -7.490e-7
-0.660, -7.453e-7
-0.659, -7.432e-7
-0.658, -7.394e-7
-0.657, -7.370e-7
-0.656, -7.336e-7
-0.655, -7.316e-7
-0.654, -7.278e-7
-0.653, -7.255e-7
-0.652, -7.219e-7
-0.651, -7.195e-7
-0.650, -7.159e-7
-0.649, -7.135e-7
-0.648, -7.097e-7
-0.647, -7.076e-7
-0.646, -7.041e-7
-0.645, -7.017e-7
-0.644, -6.982e-7
-0.643, -6.959e-7
-0.642, -6.923e-7
-0.641, -6.898e-7
-0.640, -6.862e-7
-0.639, -6.840e-7
-0.638, -6.804e-7
-0.637, -6.783e-7
-0.636, -6.747e-7
-0.635, -6.721e-7
-0.634, -6.686e-7
-0.633, -6.667e-7
-0.632, -6.628e-7
-0.631, -6.607e-7
-0.630, -6.573e-7
-0.629, -6.551e-7
-0.628, -6.516e-7
-0.627, -6.495e-7
-0.626, -6.458e-7
-0.625, -6.434e-7
-0.624, -6.402e-7
-0.623, -6.384e-7
-0.622, -6.349e-7
-0.621, -6.330e-7
-0.620, -6.293e-7
-0.619, -6.268e-7
-0.618, -6.235e-7
-0.617, -6.220e-7
-0.616, -6.186e-7
-0.615, -6.162e-7
-0.614, -6.122e-7
-0.613, -6.101e-7
-0.612, -6.068e-7
-0.611, -6.049e-7
-0.610, -6.014e-7
-0.609, -5.993e-7
-0.608, -5.963e-7
-0.607, -5.944e-7
-0.606, -5.905e-7
-0.605, -5.882e-7
-0.604, -5.845e-7
-0.603, -5.825e-7
-0.602, -5.794e-7
-0.601, -5.777e-7
-0.600, -5.744e-7
-0.599, -5.728e-7
-0.598, -5.695e-7
-0.597, -5.668e-7
-0.596, -5.628e-7
-0.595, -5.609e-7
-0.594, -5.574e-7
-0.593, -5.553e-7
-0.592, -5.520e-7
-0.591, -5.506e-7
-0.590, -5.477e-7
-0.589, -5.460e-7
-0.588, -5.426e-7
-0.587, -5.402e-7
-0.586, -5.370e-7
-0.585, -5.357e-7
-0.584, -5.324e-7
-0.583, -5.306e-7
-0.582, -5.269e-7
-0.581, -5.249e-7
-0.580, -5.218e-7
-0.579, -5.201e-7
-0.578, -5.169e-7
-0.577, -5.148e-7
-0.576, -5.114e-7
-0.575, -5.092e-7
-0.574, -5.055e-7
-0.573, -5.037e-7
-0.572, -5.007e-7
-0.571, -4.988e-7
-0.570, -4.957e-7
-0.569, -4.939e-7
-0.568, -4.904e-7
-0.567, -4.888e-7
-0.566, -4.858e-7
-0.565, -4.839e-7
-0.564, -4.807e-7
-0.563, -4.790e-7
-0.562, -4.760e-7
-0.561, -4.744e-7
-0.560, -4.715e-7
-0.559, -4.696e-7
-0.558, -4.662e-7
-0.557, -4.647e-7
-0.556, -4.616e-7
-0.555, -4.598e-7
-0.554, -4.566e-7
-0.553, -4.549e-7
-0.552, -4.515e-7
-0.551, -4.498e-7
-0.550, -4.470e-7
-0.549, -4.454e-7
-0.548, -4.421e-7
-0.547, -4.405e-7
-0.546, -4.375e-7
-0.545, -4.359e-7
-0.544, -4.329e-7
-0.543, -4.311e-7
-0.542, -4.275e-7
-0.541, -4.260e-7
-0.540, -4.231e-7
-0.539, -4.215e-7
-0.538, -4.182e-7
-0.537, -4.165e-7
-0.536, -4.136e-7
-0.535, -4.119e-7
-0.534, -4.090e-7
-0.533, -4.073e-7
-0.532, -4.042e-7
-0.531, -4.025e-7
-0.530, -3.994e-7
-0.529, -3.978e-7
-0.528, -3.945e-7
-0.527, -3.927e-7
-0.526, -3.898e-7
-0.525, -3.883e-7
-0.524, -3.855e-7
-0.523, -3.838e-7
-0.522, -3.810e-7
-0.521, -3.796e-7
-0.520, -3.768e-7
-0.519, -3.754e-7
-0.518, -3.725e-7
-0.517, -3.708e-7
-0.516, -3.679e-7
-0.515, -3.665e-7
-0.514, -3.638e-7
-0.513, -3.622e-7
-0.512, -3.594e-7
-0.511, -3.579e-7
-0.510, -3.546e-7
-0.509, -3.531e-7
-0.508, -3.503e-7
-0.507, -3.486e-7
-0.506, -3.455e-7
-0.505, -3.443e-7
-0.504, -3.412e-7
-0.503, -3.397e-7
-0.502, -3.373e-7
-0.501, -3.358e-7
-0.500, -3.332e-7
-0.499, -3.319e-7
-0.498, -3.291e-7
-0.497, -3.276e-7
-0.496, -3.253e-7
-0.495, -3.239e-7
-0.494, -3.207e-7
-0.493, -3.193e-7
-0.492, -3.163e-7
-0.491, -3.148e-7
-0.490, -3.123e-7
-0.489, -3.109e-7
-0.488, -3.078e-7
-0.487, -3.065e-7
-0.486, -3.037e-7
-0.485, -3.022e-7
-0.484, -2.995e-7
-0.483, -2.982e-7
-0.482, -2.952e-7
-0.481, -2.940e-7
-0.480, -2.914e-7
-0.479, -2.901e-7
-0.478, -2.873e-7
-0.477, -2.862e-7
-0.476, -2.835e-7
-0.475, -2.821e-7
-0.474, -2.795e-7
-0.473, -2.783e-7
-0.472, -2.756e-7
-0.471, -2.746e-7
-0.470, -2.717e-7
-0.469, -2.702e-7
-0.468, -2.675e-7
-0.467, -2.663e-7
-0.466, -2.638e-7
-0.465, -2.626e-7
-0.464, -2.600e-7
-0.463, -2.590e-7
-0.462, -2.562e-7
-0.461, -2.552e-7
-0.460, -2.523e-7
-0.459, -2.511e-7
-0.458, -2.483e-7
-0.457, -2.472e-7
-0.456, -2.443e-7
-0.455, -2.434e-7
-0.454, -2.409e-7
-0.453, -2.399e-7
-0.452, -2.373e-7
-0.451, -2.363e-7
-0.450, -2.336e-7
-0.449, -2.325e-7
-0.448, -2.301e-7
-0.447, -2.292e-7
-0.446, -2.268e-7
-0.445, -2.258e-7
-0.444, -2.230e-7
-0.443, -2.218e-7
-0.442, -2.193e-7
-0.441, -2.182e-7
-0.440, -2.157e-7
-0.439, -2.149e-7
-0.438, -2.124e-7
-0.437, -2.113e-7
-0.436, -2.088e-7
-0.435, -2.080e-7
-0.434, -2.056e-7
-0.433, -2.045e-7
-0.432, -2.021e-7
-0.431, -2.011e-7
-0.430, -1.982e-7
-0.429, -1.972e-7
-0.428, -1.947e-7
-0.427, -1.936e-7
-0.426, -1.915e-7
-0.425, -1.905e-7
-0.424, -1.881e-7
-0.423, -1.871e-7
-0.422, -1.848e-7
-0.421, -1.837e-7
-0.420, -1.816e-7
-0.419, -1.808e-7
-0.418, -1.787e-7
-0.417, -1.777e-7
-0.416, -1.754e-7
-0.415, -1.743e-7
-0.414, -1.716e-7
-0.413, -1.707e-7
-0.412, -1.684e-7
-0.411, -1.674e-7
-0.410, -1.654e-7
-0.409, -1.646e-7
-0.408, -1.621e-7
-0.407, -1.613e-7
-0.406, -1.591e-7
-0.405, -1.583e-7
-0.404, -1.560e-7
-0.403, -1.554e-7
-0.402, -1.533e-7
-0.401, -1.524e-7
-0.400, -1.500e-7
-0.399, -1.492e-7
-0.398, -1.467e-7
-0.397, -1.459e-7
-0.396, -1.437e-7
-0.395, -1.428e-7
-0.394, -1.406e-7
-0.393, -1.400e-7
-0.392, -1.376e-7
-0.391, -1.369e-7
-0.390, -1.347e-7
-0.389, -1.340e-7
-0.388, -1.320e-7
-0.387, -1.314e-7
-0.386, -1.294e-7
-0.385, -1.288e-7
-0.384, -1.264e-7
-0.383, -1.257e-7
-0.382, -1.233e-7
-0.381, -1.227e-7
-0.380, -1.205e-7
-0.379, -1.197e-7
-0.378, -1.175e-7
-0.377, -1.169e-7
-0.376, -1.145e-7
-0.375, -1.138e-7
-0.374, -1.118e-7
-0.373, -1.111e-7
-0.372, -1.091e-7
-0.371, -1.085e-7
-0.370, -1.065e-7
-0.369, -1.058e-7
-0.368, -1.038e-7
-0.367, -1.033e-7
-0.366, -1.009e-7
-0.365, -1.004e-7
-0.364, -9.820e-8
-0.363, -9.750e-8
-0.362, -9.540e-8
-0.361, -9.486e-8
-0.360, -9.273e-8
-0.359, -9.209e-8
-0.358, -8.994e-8
-0.357, -8.916e-8
-0.356, -8.718e-8
-0.355, -8.665e-8
-0.354, -8.461e-8
-0.353, -8.411e-8
-0.352, -8.239e-8
-0.351, -8.188e-8
-0.350, -7.997e-8
-0.349, -7.958e-8
-0.348, -7.743e-8
-0.347, -7.670e-8
-0.346, -7.453e-8
-0.345, -7.404e-8
-0.344, -7.200e-8
-0.343, -7.148e-8
-0.342, -6.973e-8
-0.341, -6.906e-8
-0.340, -6.713e-8
-0.339, -6.678e-8
-0.338, -6.477e-8
-0.337, -6.417e-8
-0.336, -6.236e-8
-0.335, -6.205e-8
-0.334, -5.999e-8
-0.333, -5.960e-8
-0.332, -5.774e-8
-0.331, -5.724e-8
-0.330, -5.537e-8
-0.329, -5.496e-8
-0.328, -5.288e-8
-0.327, -5.236e-8
-0.326, -5.040e-8
-0.325, -4.982e-8
-0.324, -4.796e-8
-0.323, -4.756e-8
-0.322, -4.566e-8
-0.321, -4.518e-8
-0.320, -4.337e-8
-0.319, -4.290e-8
-0.318, -4.074e-8
-0.317, -4.057e-8
-0.316, -3.840e-8
-0.315, -3.796e-8
-0.314, -3.604e-8
-0.313, -3.572e-8
-0.312, -3.392e-8
-0.311, -3.357e-8
-0.310, -3.207e-8
-0.309, -3.169e-8
-0.308, -2.987e-8
-0.307, -2.981e-8
-0.306, -2.760e-8
-0.305, -2.712e-8
-0.304, -2.515e-8
-0.303, -2.474e-8
-0.302, -2.290e-8
-0.301, -2.260e-8
-0.300, -2.083e-8
-0.299, -2.035e-8
-0.298, -1.877e-8
-0.297, -1.837e-8
-0.296, -1.640e-8
-0.295, -1.617e-8
-0.294, -1.425e-8
-0.293, -1.382e-8
-0.292, -1.206e-8
-0.291, -1.183e-8
-0.290, -9.969e-9
-0.289, -9.557e-9
-0.288, -7.959e-9
-0.287, -7.655e-9
-0.286, -5.723e-9
-0.285, -5.605e-9
-0.284, -3.772e-9
-0.283, -3.350e-9
-0.282, -1.546e-9
-0.281, -1.320e-9
-0.280, 5.139e-10
-0.279, 8.277e-10
-0.278, 2.534e-9
-0.277, 2.799e-9
-0.276, 4.505e-9
-0.275, 4.740e-9
-0.274, 6.437e-9
-0.273, 6.731e-9
-0.272, 8.428e-9
-0.271, 8.771e-9
-0.270, 1.073e-8
-0.269, 1.097e-8
-0.268, 1.279e-8
-0.267, 1.311e-8
-0.266, 1.478e-8
-0.265, 1.489e-8
-0.264, 1.660e-8
-0.263, 1.667e-8
-0.262, 1.824e-8
-0.261, 1.863e-8
-0.260, 2.035e-8
-0.259, 2.065e-8
-0.258, 2.245e-8
-0.257, 2.274e-8
-0.256, 2.441e-8
-0.255, 2.477e-8
-0.254, 2.657e-8
-0.253, 2.664e-8
-0.252, 2.822e-8
-0.251, 2.855e-8
-0.250, 3.005e-8
-0.249, 3.029e-8
-0.248, 3.203e-8
-0.247, 3.217e-8
-0.246, 3.376e-8
-0.245, 3.399e-8
-0.244, 3.569e-8
-0.243, 3.595e-8
-0.242, 3.739e-8
-0.241, 3.778e-8
-0.240, 3.926e-8
-0.239, 3.936e-8
-0.238, 4.105e-8
-0.237, 4.109e-8
-0.236, 4.259e-8
-0.235, 4.289e-8
-0.234, 4.451e-8
-0.233, 4.468e-8
-0.232, 4.652e-8
-0.231, 4.661e-8
-0.230, 4.822e-8
-0.229, 4.850e-8
-0.228, 5.004e-8
-0.227, 5.014e-8
-0.226, 5.167e-8
-0.225, 5.185e-8
-0.224, 5.338e-8
-0.223, 5.350e-8
-0.222, 5.510e-8
-0.221, 5.511e-8
-0.220, 5.677e-8
-0.219, 5.698e-8
-0.218, 5.860e-8
-0.217, 5.871e-8
-0.216, 6.035e-8
-0.215, 6.053e-8
-0.214, 6.200e-8
-0.213, 6.223e-8
-0.212, 6.346e-8
-0.211, 6.354e-8
-0.210, 6.461e-8
-0.209, 6.491e-8
-0.208, 6.618e-8
-0.207, 6.613e-8
-0.206, 6.810e-8
-0.205, 6.835e-8
-0.204, 7.024e-8
-0.203, 7.065e-8
-0.202, 7.202e-8
-0.201, 7.241e-8
-0.200, 7.409e-8
-0.199, 7.420e-8
-0.198, 7.581e-8
-0.197, 7.592e-8
-0.196, 7.738e-8
-0.195, 7.746e-8
-0.194, 7.893e-8
-0.193, 7.910e-8
-0.192, 8.062e-8
-0.191, 8.069e-8
-0.190, 8.218e-8
-0.189, 8.232e-8
-0.188, 8.367e-8
-0.187, 8.402e-8
-0.186, 8.542e-8
-0.185, 8.544e-8
-0.184, 8.698e-8
-0.183, 8.706e-8
-0.182, 8.828e-8
-0.181, 8.865e-8
-0.180, 8.992e-8
-0.179, 8.994e-8
-0.178, 9.128e-8
-0.177, 9.151e-8
-0.176, 9.293e-8
-0.175, 9.304e-8
-0.174, 9.470e-8
-0.173, 9.476e-8
-0.172, 9.624e-8
-0.171, 9.658e-8
-0.170, 9.794e-8
-0.169, 9.801e-8
-0.168, 9.952e-8
-0.167, 9.965e-8
-0.166, 1.009e-7
-0.165, 1.011e-7
-0.164, 1.024e-7
-0.163, 1.025e-7
-0.162, 1.039e-7
-0.161, 1.041e-7
-0.160, 1.054e-7
-0.159, 1.055e-7
-0.158, 1.071e-7
-0.157, 1.071e-7
-0.156, 1.085e-7
-0.155, 1.087e-7
-0.154, 1.100e-7
-0.153, 1.101e-7
-0.152, 1.115e-7
-0.151, 1.115e-7
-0.150, 1.128e-7
-0.149, 1.129e-7
-0.148, 1.141e-7
-0.147, 1.142e-7
-0.146, 1.155e-7
-0.145, 1.156e-7
-0.144, 1.167e-7
-0.143, 1.168e-7
-0.142, 1.185e-7
-0.141, 1.185e-7
-0.140, 1.200e-7
-0.139, 1.202e-7
-0.138, 1.216e-7
-0.137, 1.217e-7
-0.136, 1.234e-7
-0.135, 1.233e-7
-0.134, 1.248e-7
-0.133, 1.250e-7
-0.132, 1.263e-7
-0.131, 1.263e-7
-0.130, 1.277e-7
-0.129, 1.279e-7
-0.128, 1.292e-7
-0.127, 1.291e-7
-0.126, 1.307e-7
-0.125, 1.307e-7
-0.124, 1.319e-7
-0.123, 1.322e-7
-0.122, 1.334e-7
-0.121, 1.334e-7
-0.120, 1.348e-7
-0.119, 1.348e-7
-0.118, 1.360e-7
-0.117, 1.362e-7
-0.116, 1.375e-7
-0.115, 1.374e-7
-0.114, 1.386e-7
-0.113, 1.386e-7
-0.112, 1.399e-7
-0.111, 1.399e-7
-0.110, 1.413e-7
-0.109, 1.412e-7
-0.108, 1.424e-7
-0.107, 1.426e-7
-0.106, 1.439e-7
-0.105, 1.439e-7
-0.104, 1.453e-7
-0.103, 1.452e-7
-0.102, 1.464e-7
-0.101, 1.466e-7
-0.100, 1.478e-7
-0.099, 1.479e-7
-0.098, 1.491e-7
-0.097, 1.492e-7
-0.096, 1.504e-7
-0.095, 1.504e-7
-0.094, 1.517e-7
-0.093, 1.516e-7
-0.092, 1.528e-7
-0.091, 1.529e-7
-0.090, 1.540e-7
-0.089, 1.540e-7
-0.088, 1.554e-7
-0.087, 1.553e-7
-0.086, 1.564e-7
-0.085, 1.566e-7
-0.084, 1.577e-7
-0.083, 1.577e-7
-0.082, 1.588e-7
-0.081, 1.589e-7
-0.080, 1.600e-7
-0.079, 1.598e-7
-0.078, 1.611e-7
-0.077, 1.609e-7
-0.076, 1.619e-7
-0.075, 1.620e-7
-0.074, 1.630e-7
-0.073, 1.629e-7
-0.072, 1.639e-7
-0.071, 1.637e-7
-0.070, 1.648e-7
-0.069, 1.648e-7
-0.068, 1.659e-7
-0.067, 1.657e-7
-0.066, 1.669e-7
-0.065, 1.669e-7
-0.064, 1.681e-7
-0.063, 1.681e-7
-0.062, 1.694e-7
-0.061, 1.692e-7
-0.060, 1.703e-7
-0.059, 1.705e-7
-0.058, 1.714e-7
-0.057, 1.714e-7
-0.056, 1.725e-7
-0.055, 1.725e-7
-0.054, 1.735e-7
-0.053, 1.735e-7
-0.052, 1.745e-7
-0.051, 1.745e-7
-0.050, 1.755e-7
-0.049, 1.756e-7
-0.048, 1.764e-7
-0.047, 1.763e-7
-0.046, 1.776e-7
-0.045, 1.775e-7
-0.044, 1.784e-7
-0.043, 1.786e-7
-0.042, 1.795e-7
-0.041, 1.793e-7
-0.040, 1.807e-7
-0.039, 1.804e-7
-0.038, 1.814e-7
-0.037, 1.814e-7
-0.036, 1.825e-7
-0.035, 1.822e-7
-0.034, 1.832e-7
-0.033, 1.832e-7
-0.032, 1.841e-7
-0.031, 1.839e-7
-0.030, 1.851e-7
-0.029, 1.848e-7
-0.028, 1.858e-7
-0.027, 1.858e-7
-0.026, 1.867e-7
-0.025, 1.866e-7
-0.024, 1.875e-7
-0.023, 1.874e-7
-0.022, 1.882e-7
-0.021, 1.882e-7
-0.020, 1.891e-7
-0.019, 1.891e-7
-0.018, 1.900e-7
-0.017, 1.899e-7
-0.016, 1.908e-7
-0.015, 1.908e-7
-0.014, 1.919e-7
-0.013, 1.917e-7
-0.012, 1.927e-7
-0.011, 1.928e-7
-0.010, 1.936e-7
-0.009, 1.935e-7
-0.008, 1.946e-7
-0.007, 1.944e-7
-0.006, 1.955e-7
-0.005, 1.954e-7
-0.004, 1.965e-7
-0.003, 1.962e-7
-0.002, 1.973e-7
-0.001, 1.973e-7
-0.000, 1.980e-7
0.001, 1.981e-7
0.002, 1.989e-7
0.003, 1.989e-7
0.004, 1.997e-7
0.005, 1.998e-7
0.006, 2.005e-7
0.007, 2.005e-7
0.008, 2.015e-7
0.009, 2.014e-7
0.010, 2.022e-7
0.011, 2.023e-7
0.012, 2.032e-7
0.013, 2.032e-7
0.014, 2.041e-7
0.015, 2.041e-7
0.016, 2.050e-7
0.017, 2.049e-7
0.018, 2.061e-7
0.019, 2.059e-7
0.020, 2.068e-7
0.021, 2.069e-7
0.022, 2.076e-7
0.023, 2.076e-7
0.024, 2.087e-7
0.025, 2.087e-7
0.026, 2.093e-7
0.027, 2.094e-7
0.028, 2.103e-7
0.029, 2.102e-7
0.030, 2.110e-7
0.031, 2.111e-7
0.032, 2.119e-7
0.033, 2.117e-7
0.034, 2.127e-7
0.035, 2.125e-7
0.036, 2.133e-7
0.037, 2.134e-7
0.038, 2.142e-7
0.039, 2.141e-7
0.040, 2.152e-7
0.041, 2.152e-7
0.042, 2.159e-7
0.043, 2.160e-7
0.044, 2.170e-7
0.045, 2.168e-7
0.046, 2.179e-7
0.047, 2.178e-7
0.048, 2.187e-7
0.049, 2.187e-7
0.050, 2.198e-7
0.051, 2.197e-7
0.052, 2.205e-7
0.053, 2.207e-7
0.054, 2.214e-7
0.055, 2.213e-7
0.056, 2.224e-7
0.057, 2.223e-7
0.058, 2.231e-7
0.059, 2.230e-7
0.060, 2.239e-7
0.061, 2.239e-7
0.062, 2.248e-7
0.063, 2.247e-7
0.064, 2.256e-7
0.065, 2.255e-7
0.066, 2.265e-7
0.067, 2.264e-7
0.068, 2.271e-7
0.069, 2.274e-7
0.070, 2.281e-7
0.071, 2.281e-7
0.072, 2.292e-7
0.073, 2.291e-7
0.074, 2.299e-7
0.075, 2.300e-7
0.076, 2.309e-7
0.077, 2.308e-7
0.078, 2.317e-7
0.079, 2.317e-7
0.080, 2.325e-7
0.081, 2.324e-7
0.082, 2.334e-7
0.083, 2.333e-7
0.084, 2.340e-7
0.085, 2.341e-7
0.086, 2.348e-7
0.087, 2.347e-7
0.088, 2.356e-7
0.089, 2.356e-7
0.090, 2.363e-7
0.091, 2.363e-7
0.092, 2.370e-7
0.093, 2.370e-7
0.094, 2.377e-7
0.095, 2.378e-7
0.096, 2.385e-7
0.097, 2.386e-7
0.098, 2.394e-7
0.099, 2.393e-7
0.100, 2.399e-7
0.101, 2.402e-7
0.102, 2.409e-7
0.103, 2.407e-7
0.104, 2.417e-7
0.105, 2.417e-7
0.106, 2.424e-7
0.107, 2.426e-7
0.108, 2.433e-7
0.109, 2.434e-7
0.110, 2.441e-7
0.111, 2.442e-7
0.112, 2.449e-7
0.113, 2.449e-7
0.114, 2.458e-7
0.115, 2.457e-7
0.116, 2.465e-7
0.117, 2.466e-7
0.118, 2.473e-7
0.119, 2.471e-7
0.120, 2.479e-7
0.121, 2.480e-7
0.122, 2.487e-7
0.123, 2.487e-7
0.124, 2.494e-7
0.125, 2.494e-7
0.126, 2.501e-7
0.127, 2.502e-7
0.128, 2.507e-7
0.129, 2.507e-7
0.130, 2.514e-7
0.131, 2.515e-7
0.132, 2.521e-7
0.133, 2.523e-7
0.134, 2.529e-7
0.135, 2.529e-7
0.136, 2.537e-7
0.137, 2.536e-7
0.138, 2.541e-7
0.139, 2.543e-7
0.140, 2.550e-7
0.141, 2.550e-7
0.142, 2.557e-7
0.143, 2.558e-7
0.144, 2.564e-7
0.145, 2.563e-7
0.146, 2.571e-7
0.147, 2.570e-7
0.148, 2.576e-7
0.149, 2.578e-7
0.150, 2.584e-7
0.151, 2.584e-7
0.152, 2.591e-7
0.153, 2.592e-7
0.154, 2.597e-7
0.155, 2.599e-7
0.156, 2.604e-7
0.157, 2.605e-7
0.158, 2.611e-7
0.159, 2.612e-7
0.160, 2.617e-7
0.161, 2.618e-7
0.162, 2.625e-7
0.163, 2.624e-7
0.164, 2.631e-7
0.165, 2.633e-7
0.166, 2.638e-7
0.167, 2.639e-7
0.168, 2.645e-7
0.169, 2.646e-7
0.170, 2.653e-7
0.171, 2.653e-7
0.172, 2.660e-7
0.173, 2.661e-7
0.174, 2.668e-7
0.175, 2.670e-7
0.176, 2.676e-7
0.177, 2.676e-7
0.178, 2.684e-7
0.179, 2.683e-7
0.180, 2.688e-7
0.181, 2.691e-7
0.182, 2.696e-7
0.183, 2.696e-7
0.184, 2.704e-7
0.185, 2.704e-7
0.186, 2.710e-7
0.187, 2.711e-7
0.188, 2.716e-7
0.189, 2.717e-7
0.190, 2.722e-7
0.191, 2.725e-7
0.192, 2.729e-7
0.193, 2.730e-7
0.194, 2.737e-7
0.195, 2.737e-7
0.196, 2.743e-7
0.197, 2.745e-7
0.198, 2.749e-7
0.199, 2.751e-7
