0.000, -1.611e-6
0.001, -1.594e-6
0.002, -1.579e-6
0.003, -1.563e-6
0.004, -1.550e-6
0.005, -1.536e-6
0.006, -1.523e-6
0.007, -1.509e-6
0.008, -1.497e-6
0.009, -1.483e-6
0.010, -1.472e-6
0.011, -1.459e-6
0.012, -1.447e-6
0.013, -1.434e-6
0.014, -1.423e-6
0.015, -1.410e-6
0.016, -1.400e-6
0.017, -1.387e-6
0.018, -1.376e-6
0.019, -1.364e-6
0.020, -1.354e-6
0.021, -1.342e-6
0.022, -1.332e-6
0.023, -1.320e-6
0.024, -1.310e-6
0.025, -1.298e-6
0.026, -1.288e-6
0.027, -1.277e-6
0.028, -1.267e-6
0.029, -1.256e-6
0.030, -1.246e-6
0.031, -1.235e-6
0.032, -1.226e-6
0.033, -1.215e-6
0.034, -1.205e-6
0.035, -1.194e-6
0.036, -1.185e-6
0.037, -1.174e-6
0.038, -1.166e-6
0.039, -1.155e-6
0.040, -1.146e-6
0.041, -1.136e-6
0.042, -1.127e-6
0.043, -1.117e-6
0.044, -1.108e-6
0.045, -1.098e-6
0.046, -1.089e-6
0.047, -1.079e-6
0.048, -1.071e-6
0.049, -1.061e-6
0.050, -1.052e-6
0.051, -1.043e-6
0.052, -1.034e-6
0.053, -1.024e-6
0.054, -1.016e-6
0.055, -1.007e-6
0.056, -9.987e-7
0.057, -9.893e-7
0.058, -9.814e-7
0.059, -9.719e-7
0.060, -9.640e-7
0.061, -9.549e-7
0.062, -9.472e-7
0.063, -9.379e-7
0.064, -9.304e-7
0.065, -9.214e-7
0.066, -9.136e-7
0.067, -9.047e-7
0.068, -8.974e-7
0.069, -8.883e-7
0.070, -8.810e-7
0.071, -8.722e-7
0.072, -8.649e-7
0.073, -8.562e-7
0.074, -8.491e-7
0.075, -8.405e-7
0.076, -8.333e-7
0.077, -8.249e-7
0.078, -8.178e-7
0.079, -8.092e-7
0.080, -8.025e-7
0.081, -7.942e-7
0.082, -7.871e-7
0.083, -7.789e-7
0.084, -7.722e-7
0.085, -7.638e-7
0.086, -7.571e-7
0.087, -7.492e-7
0.088, -7.424e-7
0.089, -7.344e-7
0.090, -7.280e-7
0.091, -7.199e-7
0.092, -7.134e-7
0.093, -7.056e-7
0.094, -6.993e-7
0.095, -6.913e-7
0.096, -6.851e-7
0.097, -6.774e-7
0.098, -6.710e-7
0.099, -6.634e-7
0.100, -6.574e-7
0.101, -6.495e-7
0.102, -6.436e-7
0.103, -6.363e-7
0.104, -6.302e-7
0.105, -6.228e-7
0.106, -6.169e-7
0.107, -6.095e-7
0.108, -6.035e-7
0.109, -5.962e-7
0.110, -5.904e-7
0.111, -5.830e-7
0.112, -5.775e-7
0.113, -5.703e-7
0.114, -5.644e-7
0.115, -5.573e-7
0.116, -5.518e-7
0.117, -5.445e-7
0.118, -5.392e-7
0.119, -5.322e-7
0.120, -5.267e-7
0.121, -5.197e-7
0.122, -5.144e-7
0.123, -5.074e-7
0.124, -5.020e-7
0.125, -4.953e-7
0.126, -4.900e-7
0.127, -4.831e-7
0.128, -4.780e-7
0.129, -4.714e-7
0.130, -4.661e-7
0.131, -4.596e-7
0.132, -4.547e-7
0.133, -4.478e-7
0.134, -4.429e-7
0.135, -4.364e-7
0.136, -4.313e-7
0.137, -4.248e-7
0.138, -4.200e-7
0.139, -4.136e-7
0.140, -4.087e-7
0.141, -4.024e-7
0.142, -3.975e-7
0.143, -3.912e-7
0.144, -3.865e-7
0.145, -3.804e-7
0.146, -3.755e-7
0.147, -3.694e-7
0.148, -3.647e-7
0.149, -3.584e-7
0.150, -3.540e-7
0.151, -3.479e-7
0.152, -3.433e-7
0.153, -3.373e-7
0.154, -3.329e-7
0.155, -3.268e-7
0.156, -3.224e-7
0.157, -3.166e-7
0.158, -3.122e-7
0.159, -3.062e-7
0.160, -3.020e-7
0.161, -2.963e-7
0.162, -2.918e-7
0.163, -2.862e-7
0.164, -2.821e-7
0.165, -2.762e-7
0.166, -2.721e-7
0.167, -2.664e-7
0.168, -2.623e-7
0.169, -2.566e-7
0.170, -2.526e-7
0.171, -2.470e-7
0.172, -2.430e-7
0.173, -2.375e-7
0.174, -2.336e-7
0.175, -2.280e-7
0.176, -2.242e-7
0.177, -2.189e-7
0.178, -2.147e-7
0.179, -2.095e-7
0.180, -2.057e-7
0.181, -2.002e-7
0.182, -1.966e-7
0.183, -1.914e-7
0.184, -1.874e-7
0.185, -1.822e-7
0.186, -1.786e-7
0.187, -1.733e-7
0.188, -1.696e-7
0.189, -1.646e-7
0.190, -1.611e-7
0.191, -1.558e-7
0.192, -1.524e-7
0.193, -1.473e-7
0.194, -1.436e-7
0.195, -1.388e-7
0.196, -1.354e-7
0.197, -1.302e-7
0.198, -1.269e-7
0.199, -1.220e-7
0.200, -1.184e-7
0.201, -1.136e-7
0.202, -1.104e-7
0.203, -1.054e-7
0.204, -1.021e-7
0.205, -9.722e-8
0.206, -9.405e-8
0.207, -8.913e-8
0.208, -8.616e-8
0.209, -8.138e-8
0.210, -7.818e-8
0.211, -7.350e-8
0.212, -7.041e-8
0.213, -6.554e-8
0.214, -6.269e-8
0.215, -5.811e-8
0.216, -5.494e-8
0.217, -5.029e-8
0.218, -4.741e-8
0.219, -4.274e-8
0.220, -3.969e-8
0.221, -3.537e-8
0.222, -3.256e-8
0.223, -2.790e-8
0.224, -2.504e-8
0.225, -2.066e-8
0.226, -1.760e-8
0.227, -1.341e-8
0.228, -1.070e-8
0.229, -6.098e-9
0.230, -3.418e-9
0.231, 8.555e-10
0.232, 3.686e-9
0.233, 7.932e-9
0.234, 1.051e-8
0.235, 1.478e-8
0.236, 1.756e-8
0.237, 2.169e-8
0.238, 2.430e-8
0.239, 2.860e-8
0.240, 3.111e-8
0.241, 3.528e-8
0.242, 3.799e-8
0.243, 4.205e-8
0.244, 4.440e-8
0.245, 4.879e-8
0.246, 5.111e-8
0.247, 5.502e-8
0.248, 5.762e-8
0.249, 6.174e-8
0.250, 6.403e-8
0.251, 6.805e-8
0.252, 7.040e-8
0.253, 7.436e-8
0.254, 7.677e-8
0.255, 8.082e-8
0.256, 8.304e-8
0.257, 8.686e-8
0.258, 8.930e-8
0.259, 9.303e-8
0.260, 9.517e-8
0.261, 9.924e-8
0.262, 1.014e-7
0.263, 1.051e-7
0.264, 1.075e-7
0.265, 1.112e-7
0.266, 1.132e-7
0.267, 1.170e-7
0.268, 1.193e-7
0.269, 1.230e-7
0.270, 1.250e-7
0.271, 1.289e-7
0.272, 1.308e-7
0.273, 1.344e-7
0.274, 1.366e-7
0.275, 1.402e-7
0.276, 1.421e-7
0.277, 1.460e-7
0.278, 1.479e-7
0.279, 1.513e-7
0.280, 1.534e-7
0.281, 1.570e-7
0.282, 1.588e-7
0.283, 1.623e-7
0.284, 1.642e-7
0.285, 1.677e-7
0.286, 1.695e-7
0.287, 1.732e-7
0.288, 1.750e-7
0.289, 1.783e-7
0.290, 1.804e-7
0.291, 1.836e-7
0.292, 1.852e-7
0.293, 1.889e-7
0.294, 1.906e-7
0.295, 1.939e-7
0.296, 1.957e-7
0.297, 1.991e-7
0.298, 2.006e-7
0.299, 2.040e-7
0.300, 2.058e-7
0.301, 2.090e-7
0.302, 2.107e-7
0.303, 2.141e-7
0.304, 2.156e-7
0.305, 2.188e-7
0.306, 2.206e-7
0.307, 2.235e-7
0.308, 2.249e-7
0.309, 2.284e-7
0.310, 2.298e-7
0.311, 2.330e-7
0.312, 2.347e-7
0.313, 2.378e-7
0.314, 2.393e-7
0.315, 2.425e-7
0.316, 2.440e-7
0.317, 2.470e-7
0.318, 2.485e-7
0.319, 2.517e-7
0.320, 2.531e-7
0.321, 2.561e-7
0.322, 2.577e-7
0.323, 2.605e-7
0.324, 2.619e-7
0.325, 2.652e-7
0.326, 2.664e-7
0.327, 2.694e-7
0.328, 2.709e-7
0.329, 2.738e-7
0.330, 2.751e-7
0.331, 2.782e-7
0.332, 2.795e-7
0.333, 2.824e-7
0.334, 2.836e-7
0.335, 2.867e-7
0.336, 2.879e-7
0.337, 2.907e-7
0.338, 2.922e-7
0.339, 2.950e-7
0.340, 2.961e-7
0.341, 2.992e-7
0.342, 3.002e-7
0.343, 3.030e-7
0.344, 3.044e-7
0.345, 3.072e-7
0.346, 3.083e-7
0.347, 3.112e-7
0.348, 3.124e-7
0.349, 3.151e-7
0.350, 3.162e-7
0.351, 3.191e-7
0.352, 3.202e-7
0.353, 3.228e-7
0.354, 3.241e-7
0.355, 3.267e-7
0.356, 3.277e-7
0.357, 3.307e-7
0.358, 3.316e-7
0.359, 3.343e-7
0.360, 3.355e-7
0.361, 3.382e-7
0.362, 3.391e-7
0.363, 3.419e-7
0.364, 3.429e-7
0.365, 3.455e-7
0.366, 3.465e-7
0.367, 3.493e-7
0.368, 3.501e-7
0.369, 3.527e-7
0.370, 3.538e-7
0.371, 3.564e-7
0.372, 3.573e-7
0.373, 3.601e-7
0.374, 3.609e-7
0.375, 3.634e-7
0.376, 3.645e-7
0.377, 3.670e-7
0.378, 3.679e-7
0.379, 3.704e-7
0.380, 3.714e-7
0.381, 3.738e-7
0.382, 3.746e-7
0.383, 3.773e-7
0.384, 3.781e-7
0.385, 3.806e-7
0.386, 3.816e-7
0.387, 3.839e-7
0.388, 3.846e-7
0.389, 3.874e-7
0.390, 3.881e-7
0.391, 3.906e-7
0.392, 3.915e-7
0.393, 3.938e-7
0.394, 3.945e-7
0.395, 3.971e-7
0.396, 3.979e-7
0.397, 4.003e-7
0.398, 4.010e-7
0.399, 4.035e-7
0.400, 4.041e-7
0.401, 4.066e-7
0.402, 4.074e-7
0.403, 4.098e-7
0.404, 4.104e-7
0.405, 4.130e-7
0.406, 4.136e-7
0.407, 4.159e-7
0.408, 4.168e-7
0.409, 4.191e-7
0.410, 4.196e-7
0.411, 4.220e-7
0.412, 4.228e-7
0.413, 4.250e-7
0.414, 4.256e-7
0.415, 4.281e-7
0.416, 4.287e-7
0.417, 4.310e-7
0.418, 4.318e-7
0.419, 4.339e-7
0.420, 4.345e-7
0.421, 4.372e-7
0.422, 4.377e-7
0.423, 4.399e-7
0.424, 4.406e-7
0.425, 4.428e-7
0.426, 4.432e-7
0.427, 4.458e-7
0.428, 4.463e-7
0.429, 4.486e-7
0.430, 4.492e-7
0.431, 4.515e-7
0.432, 4.519e-7
0.433, 4.542e-7
0.434, 4.549e-7
0.435, 4.570e-7
0.436, 4.575e-7
0.437, 4.600e-7
0.438, 4.603e-7
0.439, 4.625e-7
0.440, 4.632e-7
0.441, 4.654e-7
0.442, 4.658e-7
0.443, 4.681e-7
0.444, 4.687e-7
0.445, 4.707e-7
0.446, 4.712e-7
0.447, 4.737e-7
0.448, 4.740e-7
0.449, 4.762e-7
0.450, 4.768e-7
0.451, 4.789e-7
0.452, 4.792e-7
0.453, 4.816e-7
0.454, 4.820e-7
0.455, 4.842e-7
0.456, 4.846e-7
0.457, 4.868e-7
0.458, 4.872e-7
0.459, 4.895e-7
0.460, 4.899e-7
0.461, 4.920e-7
0.462, 4.924e-7
0.463, 4.947e-7
0.464, 4.950e-7
0.465, 4.971e-7
0.466, 4.977e-7
0.467, 4.997e-7
0.468, 5.001e-7
0.469, 5.025e-7
0.470, 5.027e-7
0.471, 5.047e-7
0.472, 5.053e-7
0.473, 5.074e-7
0.474, 5.078e-7
0.475, 5.099e-7
0.476, 5.104e-7
0.477, 5.124e-7
0.478, 5.128e-7
0.479, 5.150e-7
0.480, 5.153e-7
0.481, 5.175e-7
0.482, 5.179e-7
0.483, 5.199e-7
0.484, 5.202e-7
0.485, 5.226e-7
0.486, 5.228e-7
0.487, 5.248e-7
0.488, 5.252e-7
0.489, 5.273e-7
0.490, 5.276e-7
0.491, 5.298e-7
0.492, 5.302e-7
0.493, 5.323e-7
0.494, 5.326e-7
0.495, 5.348e-7
0.496, 5.350e-7
0.497, 5.370e-7
0.498, 5.375e-7
0.499, 5.396e-7
0.500, 5.399e-7
0.501, 5.421e-7
0.502, 5.423e-7
0.503, 5.443e-7
0.504, 5.448e-7
0.505, 5.468e-7
0.506, 5.471e-7
0.507, 5.493e-7
0.508, 5.496e-7
0.509, 5.514e-7
0.510, 5.518e-7
0.511, 5.541e-7
0.512, 5.540e-7
0.513, 5.560e-7
0.514, 5.566e-7
0.515, 5.585e-7
0.516, 5.587e-7
0.517, 5.610e-7
0.518, 5.613e-7
0.519, 5.633e-7
0.520, 5.638e-7
0.521, 5.657e-7
0.522, 5.659e-7
0.523, 5.681e-7
0.524, 5.684e-7
0.525, 5.705e-7
0.526, 5.708e-7
0.527, 5.730e-7
0.528, 5.732e-7
0.529, 5.752e-7
0.530, 5.757e-7
0.531, 5.776e-7
0.532, 5.779e-7
0.533, 5.802e-7
0.534, 5.803e-7
0.535, 5.823e-7
0.536, 5.828e-7
0.537, 5.848e-7
0.538, 5.851e-7
0.539, 5.873e-7
0.540, 5.876e-7
0.541, 5.896e-7
0.542, 5.899e-7
0.543, 5.921e-7
0.544, 5.924e-7
0.545, 5.944e-7
0.546, 5.949e-7
0.547, 5.968e-7
0.548, 5.971e-7
0.549, 5.994e-7
0.550, 5.995e-7
0.551, 6.017e-7
0.552, 6.022e-7
0.553, 6.042e-7
0.554, 6.044e-7
0.555, 6.066e-7
0.556, 6.070e-7
0.557, 6.091e-7
0.558, 6.095e-7
0.559, 6.116e-7
0.560, 6.119e-7
0.561, 6.139e-7
0.562, 6.145e-7
0.563, 6.164e-7
0.564, 6.168e-7
0.565, 6.191e-7
0.566, 6.193e-7
0.567, 6.214e-7
0.568, 6.220e-7
0.569, 6.241e-7
0.570, 6.245e-7
0.571, 6.267e-7
0.572, 6.270e-7
0.573, 6.290e-7
0.574, 6.295e-7
0.575, 6.318e-7
0.576, 6.321e-7
0.577, 6.342e-7
0.578, 6.348e-7
0.579, 6.368e-7
0.580, 6.371e-7
0.581, 6.395e-7
0.582, 6.399e-7
0.583, 6.420e-7
0.584, 6.426e-7
0.585, 6.447e-7
0.586, 6.451e-7
0.587, 6.474e-7
0.588, 6.480e-7
0.589, 6.500e-7
0.590, 6.505e-7
0.591, 6.528e-7
0.592, 6.532e-7
0.593, 6.554e-7
0.594, 6.561e-7
0.595, 6.583e-7
0.596, 6.588e-7
0.597, 6.612e-7
0.598, 6.616e-7
0.599, 6.637e-7
0.600, 6.644e-7
0.601, 6.666e-7
0.602, 6.672e-7
0.603, 6.696e-7
0.604, 6.701e-7
0.605, 6.723e-7
0.606, 6.729e-7
0.607, 6.753e-7
0.608, 6.758e-7
0.609, 6.781e-7
0.610, 6.790e-7
0.611, 6.811e-7
0.612, 6.816e-7
0.613, 6.842e-7
0.614, 6.848e-7
0.615, 6.871e-7
0.616, 6.879e-7
0.617, 6.901e-7
0.618, 6.907e-7
0.619, 6.931e-7
0.620, 6.939e-7
0.621, 6.962e-7
0.622, 6.969e-7
0.623, 6.994e-7
0.624, 7.000e-7
0.625, 7.023e-7
0.626, 7.033e-7
0.627, 7.056e-7
0.628, 7.064e-7
0.629, 7.091e-7
0.630, 7.097e-7
0.631, 7.119e-7
0.632, 7.129e-7
0.633, 7.153e-7
0.634, 7.162e-7
0.635, 7.187e-7
0.636, 7.195e-7
0.637, 7.219e-7
0.638, 7.227e-7
0.639, 7.254e-7
0.640, 7.261e-7
0.641, 7.286e-7
0.642, 7.296e-7
0.643, 7.321e-7
0.644, 7.328e-7
0.645, 7.357e-7
0.646, 7.364e-7
0.647, 7.390e-7
0.648, 7.402e-7
0.649, 7.427e-7
0.650, 7.435e-7
0.651, 7.461e-7
0.652, 7.472e-7
0.653, 7.499e-7
0.654, 7.509e-7
0.655, 7.536e-7
0.656, 7.544e-7
0.657, 7.571e-7
0.658, 7.583e-7
0.659, 7.608e-7
0.660, 7.618e-7
0.661, 7.649e-7
0.662, 7.658e-7
0.663, 7.683e-7
0.664, 7.697e-7
0.665, 7.724e-7
0.666, 7.734e-7
0.667, 7.763e-7
0.668, 7.774e-7
0.669, 7.800e-7
0.670, 7.812e-7
0.671, 7.841e-7
0.672, 7.853e-7
0.673, 7.880e-7
0.674, 7.894e-7
0.675, 7.921e-7
0.676, 7.932e-7
0.677, 7.963e-7
0.678, 7.975e-7
0.679, 8.002e-7
0.680, 8.017e-7
0.681, 8.046e-7
0.682, 8.057e-7
0.683, 8.088e-7
0.684, 8.101e-7
0.685, 8.130e-7
0.686, 8.143e-7
0.687, 8.174e-7
0.688, 8.186e-7
0.689, 8.216e-7
0.690, 8.231e-7
0.691, 8.261e-7
0.692, 8.275e-7
0.693, 8.307e-7
0.694, 8.320e-7
0.695, 8.349e-7
0.696, 8.365e-7
0.697, 8.396e-7
0.698, 8.410e-7
0.699, 8.442e-7
0.700, 8.458e-7
0.701, 8.487e-7
0.702, 8.503e-7
0.703, 8.536e-7
0.704, 8.551e-7
0.705, 8.581e-7
0.706, 8.599e-7
0.707, 8.630e-7
0.708, 8.645e-7
0.709, 8.680e-7
0.710, 8.695e-7
0.711, 8.726e-7
0.712, 8.744e-7
0.713, 8.777e-7
0.714, 8.793e-7
0.715, 8.825e-7
0.716, 8.844e-7
0.717, 8.872e-7
0.718, 8.890e-7
0.719, 8.926e-7
0.720, 8.942e-7
0.721, 8.975e-7
0.722, 8.997e-7
0.723, 9.030e-7
0.724, 9.046e-7
0.725, 9.084e-7
0.726, 9.100e-7
0.727, 9.134e-7
0.728, 9.155e-7
0.729, 9.190e-7
0.730, 9.208e-7
0.731, 9.245e-7
0.732, 9.264e-7
0.733, 9.297e-7
0.734, 9.317e-7
0.735, 9.355e-7
0.736, 9.373e-7
0.737, 9.409e-7
0.738, 9.431e-7
0.739, 9.465e-7
0.740, 9.484e-7
0.741, 9.523e-7
0.742, 9.543e-7
0.743, 9.578e-7
0.744, 9.602e-7
0.745, 9.637e-7
0.746, 9.657e-7
0.747, 9.695e-7
0.748, 9.718e-7
0.749, 9.756e-7
0.750, 9.777e-7
0.751, 9.816e-7
0.752, 9.837e-7
0.753, 9.873e-7
0.754, 9.898e-7
0.755, 9.936e-7
0.756, 9.957e-7
0.757, 9.999e-7
0.758, 1.002e-6
0.759, 1.006e-6
0.760, 1.008e-6
0.761, 1.012e-6
0.762, 1.015e-6
0.763, 1.019e-6
0.764, 1.021e-6
0.765, 1.025e-6
0.766, 1.027e-6
0.767, 1.031e-6
0.768, 1.034e-6
0.769, 1.038e-6
0.770, 1.040e-6
0.771, 1.044e-6
0.772, 1.047e-6
0.773, 1.051e-6
0.774, 1.054e-6
0.775, 1.058e-6
0.776, 1.061e-6
0.777, 1.065e-6
0.778, 1.067e-6
0.779, 1.071e-6
0.780, 1.074e-6
0.781, 1.078e-6
0.782, 1.081e-6
0.783, 1.085e-6
0.784, 1.088e-6
0.785, 1.092e-6
0.786, 1.095e-6
0.787, 1.100e-6
0.788, 1.102e-6
0.789, 1.107e-6
0.790, 1.110e-6
0.791, 1.114e-6
0.792, 1.117e-6
0.793, 1.121e-6
0.794, 1.124e-6
0.795, 1.129e-6
0.796, 1.132e-6
0.797, 1.136e-6
0.798, 1.139e-6
0.799, 1.144e-6
0.800, 1.147e-6
0.801, 1.151e-6
0.802, 1.155e-6
0.803, 1.159e-6
0.804, 1.162e-6
0.805, 1.167e-6
0.806, 1.170e-6
0.807, 1.174e-6
0.808, 1.178e-6
0.809, 1.183e-6
0.810, 1.186e-6
0.811, 1.190e-6
0.812, 1.194e-6
0.813, 1.199e-6
0.814, 1.202e-6
0.815, 1.207e-6
0.816, 1.210e-6
0.817, 1.215e-6
0.818, 1.219e-6
0.819, 1.224e-6
0.820, 1.227e-6
0.821, 1.232e-6
0.822, 1.236e-6
0.823, 1.241e-6
0.824, 1.244e-6
0.825, 1.249e-6
0.826, 1.253e-6
0.827, 1.258e-6
0.828, 1.262e-6
0.829, 1.267e-6
0.830, 1.270e-6
0.831, 1.276e-6
0.832, 1.279e-6
0.833, 1.285e-6
0.834, 1.289e-6
0.835, 1.294e-6
0.836, 1.297e-6
0.837, 1.303e-6
0.838, 1.307e-6
0.839, 1.312e-6
0.840, 1.316e-6
0.841, 1.322e-6
0.842, 1.325e-6
0.843, 1.331e-6
0.844, 1.335e-6
0.845, 1.340e-6
0.846, 1.344e-6
0.847, 1.350e-6
0.848, 1.354e-6
0.849, 1.360e-6
0.850, 1.364e-6
0.851, 1.369e-6
0.852, 1.374e-6
0.853, 1.380e-6
0.854, 1.384e-6
0.855, 1.389e-6
0.856, 1.394e-6
0.857, 1.400e-6
0.858, 1.404e-6
0.859, 1.410e-6
0.860, 1.414e-6
0.861, 1.420e-6
0.862, 1.425e-6
0.863, 1.431e-6
0.864, 1.435e-6
0.865, 1.441e-6
0.866, 1.446e-6
0.867, 1.452e-6
0.868, 1.456e-6
0.869, 1.462e-6
0.870, 1.467e-6
0.871, 1.473e-6
0.872, 1.478e-6
0.873, 1.484e-6
0.874, 1.489e-6
0.875, 1.495e-6
0.876, 1.500e-6
0.877, 1.506e-6
0.878, 1.511e-6
0.879, 1.517e-6
0.880, 1.522e-6
0.881, 1.528e-6
0.882, 1.534e-6
0.883, 1.540e-6
0.884, 1.545e-6
0.885, 1.552e-6
0.886, 1.557e-6
0.887, 1.563e-6
0.888, 1.569e-6
0.889, 1.575e-6
0.890, 1.580e-6
0.891, 1.587e-6
0.892, 1.592e-6
0.893, 1.599e-6
0.894, 1.604e-6
0.895, 1.611e-6
0.896, 1.616e-6
0.897, 1.623e-6
0.898, 1.628e-6
0.899, 1.635e-6
0.900, 1.640e-6
0.901, 1.647e-6
0.902, 1.653e-6
0.903, 1.659e-6
0.904, 1.665e-6
0.905, 1.672e-6
0.906, 1.677e-6
0.907, 1.685e-6
0.908, 1.690e-6
0.909, 1.697e-6
0.910, 1.703e-6
0.911, 1.710e-6
0.912, 1.715e-6
0.913, 1.722e-6
0.914, 1.728e-6
0.915, 1.735e-6
0.916, 1.741e-6
0.917, 1.748e-6
0.918, 1.754e-6
0.919, 1.760e-6
0.920, 1.767e-6
0.921, 1.773e-6
0.922, 1.779e-6
0.923, 1.786e-6
0.924, 1.792e-6
0.925, 1.798e-6
0.926, 1.804e-6
0.927, 1.812e-6
0.928, 1.817e-6
0.929, 1.824e-6
0.930, 1.830e-6
0.931, 1.837e-6
0.932, 1.843e-6
0.933, 1.850e-6
0.934, 1.856e-6
0.935, 1.863e-6
0.936, 1.869e-6
0.937, 1.876e-6
0.938, 1.882e-6
0.939, 1.889e-6
0.940, 1.895e-6
0.941, 1.902e-6
0.942, 1.907e-6
0.943, 1.915e-6
0.944, 1.920e-6
0.945, 1.927e-6
0.946, 1.933e-6
0.947, 1.940e-6
0.948, 1.945e-6
0.949, 1.952e-6
0.950, 1.958e-6
0.951, 1.965e-6
0.952, 1.971e-6
0.953, 1.977e-6
0.954, 1.983e-6
0.955, 1.990e-6
0.956, 1.995e-6
0.957, 2.002e-6
0.958, 2.007e-6
0.959, 2.014e-6
0.960, 2.020e-6
0.961, 2.026e-6
0.962, 2.032e-6
0.963, 2.039e-6
0.964, 2.044e-6
0.965, 2.051e-6
0.966, 2.056e-6
0.967, 2.062e-6
0.968, 2.068e-6
0.969, 2.074e-6
0.970, 2.080e-6
0.971, 2.086e-6
0.972, 2.091e-6
0.973, 2.097e-6
0.974, 2.103e-6
0.975, 2.109e-6
0.976, 2.114e-6
0.977, 2.120e-6
0.978, 2.126e-6
0.979, 2.132e-6
0.980, 2.136e-6
0.981, 2.143e-6
0.982, 2.148e-6
0.983, 2.153e-6
0.984, 2.159e-6
0.985, 2.164e-6
0.986, 2.169e-6
0.987, 2.175e-6
0.988, 2.180e-6
0.989, 2.186e-6
0.990, 2.190e-6
0.991, 2.196e-6
0.992, 2.201e-6
0.993, 2.206e-6
0.994, 2.211e-6
0.995, 2.217e-6
0.996, 2.221e-6
0.997, 2.227e-6
0.998, 2.231e-6
0.999, 2.236e-6
1.000, 2.225e-6
0.999, 2.178e-6
0.998, 2.133e-6
0.997, 2.093e-6
0.996, 2.055e-6
0.995, 2.021e-6
0.994, 1.987e-6
0.993, 1.955e-6
0.992, 1.924e-6
0.991, 1.895e-6
0.990, 1.866e-6
0.989, 1.839e-6
0.988, 1.812e-6
0.987, 1.786e-6
0.986, 1.761e-6
0.985, 1.737e-6
0.984, 1.713e-6
0.983, 1.691e-6
0.982, 1.668e-6
0.981, 1.647e-6
0.980, 1.625e-6
0.979, 1.605e-6
0.978, 1.584e-6
0.977, 1.565e-6
0.976, 1.546e-6
0.975, 1.528e-6
0.974, 1.509e-6
0.973, 1.492e-6
0.972, 1.474e-6
0.971, 1.457e-6
0.970, 1.440e-6
0.969, 1.425e-6
0.968, 1.408e-6
0.967, 1.393e-6
0.966, 1.377e-6
0.965, 1.362e-6
0.964, 1.347e-6
0.963, 1.333e-6
0.962, 1.318e-6
0.961, 1.305e-6
0.960, 1.291e-6
0.959, 1.278e-6
0.958, 1.264e-6
0.957, 1.252e-6
0.956, 1.239e-6
0.955, 1.226e-6
0.954, 1.214e-6
0.953, 1.202e-6
0.952, 1.189e-6
0.951, 1.179e-6
0.950, 1.167e-6
0.949, 1.156e-6
0.948, 1.144e-6
0.947, 1.134e-6
0.946, 1.122e-6
0.945, 1.112e-6
0.944, 1.101e-6
0.943, 1.092e-6
0.942, 1.081e-6
0.941, 1.071e-6
0.940, 1.061e-6
0.939, 1.051e-6
0.938, 1.041e-6
0.937, 1.033e-6
0.936, 1.022e-6
0.935, 1.014e-6
0.934, 1.004e-6
0.933, 9.959e-7
0.932, 9.863e-7
0.931, 9.785e-7
0.930, 9.691e-7
0.929, 9.612e-7
0.928, 9.523e-7
0.927, 9.447e-7
0.926, 9.357e-7
0.925, 9.285e-7
0.924, 9.200e-7
0.923, 9.125e-7
0.922, 9.043e-7
0.921, 8.977e-7
0.920, 8.890e-7
0.919, 8.823e-7
0.918, 8.742e-7
0.917, 8.676e-7
0.916, 8.597e-7
0.915, 8.533e-7
0.914, 8.455e-7
0.913, 8.392e-7
0.912, 8.317e-7
0.911, 8.257e-7
0.910, 8.180e-7
0.909, 8.123e-7
0.908, 8.051e-7
0.907, 7.991e-7
0.906, 7.921e-7
0.905, 7.867e-7
0.904, 7.793e-7
0.903, 7.741e-7
0.902, 7.673e-7
0.901, 7.619e-7
0.900, 7.551e-7
0.899, 7.501e-7
0.898, 7.433e-7
0.897, 7.382e-7
0.896, 7.318e-7
0.895, 7.270e-7
0.894, 7.203e-7
0.893, 7.157e-7
0.892, 7.096e-7
0.891, 7.047e-7
0.890, 6.987e-7
0.889, 6.943e-7
0.888, 6.881e-7
0.887, 6.838e-7
0.886, 6.779e-7
0.885, 6.735e-7
0.884, 6.677e-7
0.883, 6.636e-7
0.882, 6.578e-7
0.881, 6.537e-7
0.880, 6.482e-7
0.879, 6.442e-7
0.878, 6.386e-7
0.877, 6.348e-7
0.876, 6.295e-7
0.875, 6.254e-7
0.874, 6.203e-7
0.873, 6.167e-7
0.872, 6.112e-7
0.871, 6.077e-7
0.870, 6.027e-7
0.869, 5.990e-7
0.868, 5.941e-7
0.867, 5.907e-7
0.866, 5.857e-7
0.865, 5.823e-7
0.864, 5.775e-7
0.863, 5.741e-7
0.862, 5.692e-7
0.861, 5.663e-7
0.860, 5.616e-7
0.859, 5.582e-7
0.858, 5.537e-7
0.857, 5.508e-7
0.856, 5.460e-7
0.855, 5.432e-7
0.854, 5.388e-7
0.853, 5.358e-7
0.852, 5.313e-7
0.851, 5.286e-7
0.850, 5.241e-7
0.849, 5.213e-7
0.848, 5.171e-7
0.847, 5.145e-7
0.846, 5.101e-7
0.845, 5.076e-7
0.844, 5.034e-7
0.843, 5.007e-7
0.842, 4.967e-7
0.841, 4.943e-7
0.840, 4.900e-7
0.839, 4.877e-7
0.838, 4.837e-7
0.837, 4.812e-7
0.836, 4.773e-7
0.835, 4.751e-7
0.834, 4.711e-7
0.833, 4.688e-7
0.832, 4.650e-7
0.831, 4.628e-7
0.830, 4.589e-7
0.829, 4.568e-7
0.828, 4.532e-7
0.827, 4.507e-7
0.826, 4.472e-7
0.825, 4.452e-7
0.824, 4.412e-7
0.823, 4.395e-7
0.822, 4.359e-7
0.821, 4.336e-7
0.820, 4.301e-7
0.819, 4.279e-7
0.818, 4.245e-7
0.817, 4.226e-7
0.816, 4.193e-7
0.815, 4.174e-7
0.814, 4.138e-7
0.813, 4.120e-7
0.812, 4.087e-7
0.811, 4.067e-7
0.810, 4.035e-7
0.809, 4.019e-7
0.808, 3.982e-7
0.807, 3.966e-7
0.806, 3.934e-7
0.805, 3.917e-7
0.804, 3.884e-7
0.803, 3.868e-7
0.802, 3.835e-7
0.801, 3.818e-7
0.800, 3.786e-7
0.799, 3.771e-7
0.798, 3.737e-7
0.797, 3.724e-7
0.796, 3.693e-7
0.795, 3.676e-7
0.794, 3.645e-7
0.793, 3.632e-7
0.792, 3.598e-7
0.791, 3.585e-7
0.790, 3.555e-7
0.789, 3.539e-7
0.788, 3.508e-7
0.787, 3.495e-7
0.786, 3.463e-7
0.785, 3.449e-7
0.784, 3.420e-7
0.783, 3.407e-7
0.782, 3.375e-7
0.781, 3.363e-7
0.780, 3.334e-7
0.779, 3.318e-7
0.778, 3.291e-7
0.777, 3.279e-7
0.776, 3.247e-7
0.775, 3.235e-7
0.774, 3.206e-7
0.773, 3.193e-7
0.772, 3.165e-7
0.771, 3.154e-7
0.770, 3.124e-7
0.769, 3.111e-7
0.768, 3.082e-7
0.767, 3.071e-7
0.766, 3.041e-7
0.765, 3.030e-7
0.764, 3.003e-7
0.763, 2.989e-7
0.762, 2.962e-7
0.761, 2.952e-7
0.760, 2.922e-7
0.759, 2.912e-7
0.758, 2.884e-7
0.757, 2.871e-7
0.756, 2.844e-7
0.755, 2.834e-7
0.754, 2.806e-7
0.753, 2.794e-7
0.752, 2.768e-7
0.751, 2.757e-7
0.750, 2.728e-7
0.749, 2.718e-7
0.748, 2.692e-7
0.747, 2.678e-7
0.746, 2.654e-7
0.745, 2.644e-7
0.744, 2.615e-7
0.743, 2.606e-7
0.742, 2.580e-7
0.741, 2.568e-7
0.740, 2.543e-7
0.739, 2.533e-7
0.738, 2.506e-7
0.737, 2.495e-7
0.736, 2.469e-7
0.735, 2.459e-7
0.734, 2.432e-7
0.733, 2.423e-7
0.732, 2.399e-7
0.731, 2.386e-7
0.730, 2.361e-7
0.729, 2.353e-7
0.728, 2.324e-7
0.727, 2.316e-7
0.726, 2.291e-7
0.725, 2.280e-7
0.724, 2.255e-7
0.723, 2.246e-7
0.722, 2.220e-7
0.721, 2.209e-7
0.720, 2.185e-7
0.719, 2.176e-7
0.718, 2.148e-7
0.717, 2.143e-7
0.716, 2.118e-7
0.715, 2.106e-7
0.714, 2.082e-7
0.713, 2.073e-7
0.712, 2.046e-7
0.711, 2.038e-7
0.710, 2.013e-7
0.709, 2.003e-7
0.708, 1.978e-7
0.707, 1.971e-7
0.706, 1.944e-7
0.705, 1.935e-7
0.704, 1.910e-7
0.703, 1.901e-7
0.702, 1.875e-7
0.701, 1.868e-7
0.700, 1.844e-7
0.699, 1.832e-7
0.698, 1.809e-7
0.697, 1.802e-7
0.696, 1.774e-7
0.695, 1.767e-7
0.694, 1.743e-7
0.693, 1.733e-7
0.692, 1.708e-7
0.691, 1.701e-7
0.690, 1.676e-7
0.689, 1.667e-7
0.688, 1.643e-7
0.687, 1.635e-7
0.686, 1.609e-7
0.685, 1.602e-7
0.684, 1.578e-7
0.683, 1.567e-7
0.682, 1.545e-7
0.681, 1.537e-7
0.680, 1.511e-7
0.679, 1.504e-7
0.678, 1.479e-7
0.677, 1.470e-7
0.676, 1.446e-7
0.675, 1.439e-7
0.674, 1.414e-7
0.673, 1.406e-7
0.672, 1.381e-7
0.671, 1.374e-7
0.670, 1.347e-7
0.669, 1.340e-7
0.668, 1.317e-7
0.667, 1.307e-7
0.666, 1.284e-7
0.665, 1.277e-7
0.664, 1.251e-7
0.663, 1.243e-7
0.662, 1.221e-7
0.661, 1.211e-7
0.660, 1.187e-7
0.659, 1.179e-7
0.658, 1.155e-7
0.657, 1.146e-7
0.656, 1.123e-7
0.655, 1.116e-7
0.654, 1.090e-7
0.653, 1.083e-7
0.652, 1.060e-7
0.651, 1.050e-7
0.650, 1.027e-7
0.649, 1.020e-7
0.648, 9.946e-8
0.647, 9.886e-8
0.646, 9.648e-8
0.645, 9.551e-8
0.644, 9.315e-8
0.643, 9.244e-8
0.642, 8.997e-8
0.641, 8.917e-8
0.640, 8.685e-8
0.639, 8.614e-8
0.638, 8.363e-8
0.637, 8.301e-8
0.636, 8.061e-8
0.635, 7.972e-8
0.634, 7.746e-8
0.633, 7.670e-8
0.632, 7.411e-8
0.631, 7.347e-8
0.630, 7.122e-8
0.629, 7.022e-8
0.628, 6.792e-8
0.627, 6.727e-8
0.626, 6.476e-8
0.625, 6.389e-8
0.624, 6.172e-8
0.623, 6.092e-8
0.622, 5.840e-8
0.621, 5.773e-8
0.620, 5.539e-8
0.619, 5.442e-8
0.618, 5.214e-8
0.617, 5.150e-8
0.616, 4.886e-8
0.615, 4.817e-8
0.614, 4.577e-8
0.613, 4.500e-8
0.612, 4.259e-8
0.611, 4.198e-8
0.610, 3.950e-8
0.609, 3.858e-8
0.608, 3.631e-8
0.607, 3.553e-8
0.606, 3.299e-8
0.605, 3.242e-8
0.604, 3.005e-8
0.603, 2.908e-8
0.602, 2.682e-8
0.601, 2.603e-8
0.600, 2.351e-8
0.599, 2.280e-8
0.598, 2.056e-8
0.597, 1.957e-8
0.596, 1.722e-8
0.595, 1.642e-8
0.594, 1.400e-8
0.593, 1.324e-8
0.592, 1.092e-8
0.591, 1.017e-8
0.590, 7.452e-9
0.589, 6.831e-9
0.588, 4.623e-9
0.587, 3.694e-9
0.586, 1.326e-9
0.585, 6.702e-10
0.584, -2.026e-9
0.583, -2.685e-9
0.582, -5.117e-9
0.581, -6.070e-9
0.580, -8.359e-9
0.579, -8.999e-9
0.578, -1.155e-8
0.577, -1.246e-8
0.576, -1.483e-8
0.575, -1.561e-8
0.574, -1.818e-8
0.573, -1.882e-8
0.572, -2.117e-8
0.571, -2.225e-8
0.570, -2.457e-8
0.569, -2.544e-8
0.568, -2.797e-8
0.567, -2.868e-8
0.566, -3.111e-8
0.565, -3.208e-8
0.564, -3.448e-8
0.563, -3.529e-8
0.562, -3.783e-8
0.561, -3.859e-8
0.560, -4.103e-8
0.559, -4.181e-8
0.558, -4.447e-8
0.557, -4.525e-8
0.556, -4.769e-8
0.555, -4.867e-8
0.554, -5.107e-8
0.553, -5.181e-8
0.552, -5.449e-8
0.551, -5.526e-8
0.550, -5.776e-8
0.549, -5.875e-8
0.548, -6.123e-8
0.547, -6.204e-8
0.546, -6.456e-8
0.545, -6.554e-8
0.544, -6.796e-8
0.543, -6.877e-8
0.542, -7.156e-8
0.541, -7.230e-8
0.540, -7.465e-8
0.539, -7.585e-8
0.538, -7.828e-8
0.537, -7.916e-8
0.536, -8.173e-8
0.535, -8.261e-8
0.534, -8.508e-8
0.533, -8.619e-8
0.532, -8.867e-8
0.531, -8.962e-8
0.530, -9.213e-8
0.529, -9.321e-8
0.528, -9.561e-8
0.527, -9.654e-8
0.526, -9.930e-8
0.525, -1.002e-7
0.524, -1.027e-7
0.523, -1.039e-7
0.522, -1.063e-7
0.521, -1.071e-7
0.520, -1.100e-7
0.519, -1.110e-7
0.518, -1.135e-7
0.517, -1.146e-7
0.516, -1.172e-7
0.515, -1.182e-7
0.514, -1.208e-7
0.513, -1.219e-7
0.512, -1.241e-7
0.511, -1.252e-7
0.510, -1.281e-7
0.509, -1.290e-7
0.508, -1.316e-7
0.507, -1.329e-7
0.506, -1.354e-7
0.505, -1.364e-7
0.504, -1.393e-7
0.503, -1.403e-7
0.502, -1.428e-7
0.501, -1.441e-7
0.500, -1.467e-7
0.499, -1.478e-7
0.498, -1.505e-7
0.497, -1.517e-7
0.496, -1.543e-7
0.495, -1.554e-7
0.494, -1.584e-7
0.493, -1.593e-7
0.492, -1.620e-7
0.491, -1.634e-7
0.490, -1.660e-7
0.489, -1.670e-7
0.488, -1.700e-7
0.487, -1.710e-7
0.486, -1.737e-7
0.485, -1.751e-7
0.484, -1.778e-7
0.483, -1.789e-7
0.482, -1.817e-7
0.481, -1.830e-7
0.480, -1.858e-7
0.479, -1.870e-7
0.478, -1.900e-7
0.477, -1.911e-7
0.476, -1.938e-7
0.475, -1.953e-7
0.474, -1.981e-7
0.473, -1.993e-7
0.472, -2.023e-7
0.471, -2.034e-7
0.470, -2.062e-7
0.469, -2.076e-7
0.468, -2.105e-7
0.467, -2.117e-7
0.466, -2.147e-7
0.465, -2.161e-7
0.464, -2.189e-7
0.463, -2.201e-7
0.462, -2.232e-7
0.461, -2.245e-7
0.460, -2.274e-7
0.459, -2.289e-7
0.458, -2.317e-7
0.457, -2.330e-7
0.456, -2.362e-7
0.455, -2.374e-7
0.454, -2.404e-7
0.453, -2.420e-7
0.452, -2.449e-7
0.451, -2.462e-7
0.450, -2.492e-7
0.449, -2.506e-7
0.448, -2.537e-7
0.447, -2.551e-7
0.446, -2.583e-7
0.445, -2.596e-7
0.444, -2.626e-7
0.443, -2.643e-7
0.442, -2.672e-7
0.441, -2.686e-7
0.440, -2.719e-7
0.439, -2.733e-7
0.438, -2.764e-7
0.437, -2.780e-7
0.436, -2.811e-7
0.435, -2.825e-7
0.434, -2.857e-7
0.433, -2.874e-7
0.432, -2.904e-7
0.431, -2.919e-7
0.430, -2.952e-7
0.429, -2.968e-7
0.428, -2.998e-7
0.427, -3.017e-7
0.426, -3.047e-7
0.425, -3.062e-7
0.424, -3.095e-7
0.423, -3.111e-7
0.422, -3.143e-7
0.421, -3.162e-7
0.420, -3.193e-7
0.419, -3.209e-7
0.418, -3.241e-7
0.417, -3.260e-7
0.416, -3.292e-7
0.415, -3.308e-7
0.414, -3.343e-7
0.413, -3.358e-7
0.412, -3.390e-7
0.411, -3.410e-7
0.410, -3.442e-7
0.409, -3.457e-7
0.408, -3.494e-7
0.407, -3.511e-7
0.406, -3.543e-7
0.405, -3.563e-7
0.404, -3.597e-7
0.403, -3.615e-7
0.402, -3.649e-7
0.401, -3.668e-7
0.400, -3.701e-7
0.399, -3.719e-7
0.398, -3.755e-7
0.397, -3.772e-7
0.396, -3.806e-7
0.395, -3.827e-7
0.394, -3.860e-7
0.393, -3.879e-7
0.392, -3.915e-7
0.391, -3.934e-7
0.390, -3.968e-7
0.389, -3.988e-7
0.388, -4.022e-7
0.387, -4.042e-7
0.386, -4.077e-7
0.385, -4.099e-7
0.384, -4.131e-7
0.383, -4.152e-7
0.382, -4.189e-7
0.381, -4.209e-7
0.380, -4.243e-7
0.379, -4.267e-7
0.378, -4.301e-7
0.377, -4.321e-7
0.376, -4.360e-7
0.375, -4.379e-7
0.374, -4.414e-7
0.373, -4.437e-7
0.372, -4.473e-7
0.371, -4.493e-7
0.370, -4.531e-7
0.369, -4.553e-7
0.368, -4.588e-7
0.367, -4.609e-7
0.366, -4.648e-7
0.365, -4.669e-7
0.364, -4.705e-7
0.363, -4.730e-7
0.362, -4.764e-7
0.361, -4.787e-7
0.360, -4.826e-7
0.359, -4.848e-7
0.358, -4.886e-7
0.357, -4.910e-7
0.356, -4.947e-7
0.355, -4.968e-7
0.354, -5.006e-7
0.353, -5.031e-7
0.352, -5.068e-7
0.351, -5.091e-7
0.350, -5.131e-7
0.349, -5.154e-7
0.348, -5.191e-7
0.347, -5.216e-7
0.346, -5.256e-7
0.345, -5.279e-7
0.344, -5.319e-7
0.343, -5.341e-7
0.342, -5.380e-7
0.341, -5.406e-7
0.340, -5.445e-7
0.339, -5.469e-7
0.338, -5.509e-7
0.337, -5.534e-7
0.336, -5.572e-7
0.335, -5.597e-7
0.334, -5.639e-7
0.333, -5.664e-7
0.332, -5.702e-7
0.331, -5.730e-7
0.330, -5.768e-7
0.329, -5.793e-7
0.328, -5.837e-7
0.327, -5.861e-7
0.326, -5.901e-7
0.325, -5.929e-7
0.324, -5.970e-7
0.323, -5.995e-7
0.322, -6.037e-7
0.321, -6.064e-7
0.320, -6.104e-7
0.319, -6.131e-7
0.318, -6.175e-7
0.317, -6.200e-7
0.316, -6.241e-7
0.315, -6.271e-7
0.314, -6.311e-7
0.313, -6.338e-7
0.312, -6.382e-7
0.311, -6.408e-7
0.310, -6.450e-7
0.309, -6.480e-7
0.308, -6.523e-7
0.307, -6.546e-7
0.306, -6.590e-7
0.305, -6.620e-7
0.304, -6.661e-7
0.303, -6.690e-7
0.302, -6.735e-7
0.301, -6.764e-7
0.300, -6.807e-7
0.299, -6.838e-7
0.298, -6.881e-7
0.297, -6.909e-7
0.296, -6.954e-7
0.295, -6.983e-7
0.294, -7.027e-7
0.293, -7.058e-7
0.292, -7.102e-7
0.291, -7.131e-7
0.290, -7.177e-7
0.289, -7.208e-7
0.288, -7.252e-7
0.287, -7.282e-7
0.286, -7.330e-7
0.285, -7.358e-7
0.284, -7.401e-7
0.283, -7.436e-7
0.282, -7.481e-7
0.281, -7.509e-7
0.280, -7.558e-7
0.279, -7.589e-7
0.278, -7.633e-7
0.277, -7.667e-7
0.276, -7.713e-7
0.275, -7.744e-7
0.274, -7.791e-7
0.273, -7.825e-7
0.272, -7.869e-7
0.271, -7.901e-7
0.270, -7.951e-7
0.269, -7.983e-7
0.268, -8.029e-7
0.267, -8.065e-7
0.266, -8.110e-7
0.265, -8.142e-7
0.264, -8.192e-7
0.263, -8.226e-7
0.262, -8.272e-7
0.261, -8.307e-7
0.260, -8.355e-7
0.259, -8.388e-7
0.258, -8.436e-7
0.257, -8.471e-7
0.256, -8.520e-7
0.255, -8.554e-7
0.254, -8.604e-7
0.253, -8.637e-7
0.252, -8.684e-7
0.251, -8.722e-7
0.250, -8.771e-7
0.249, -8.805e-7
0.248, -8.856e-7
0.247, -8.890e-7
0.246, -8.940e-7
0.245, -8.977e-7
0.244, -9.026e-7
0.243, -9.062e-7
0.242, -9.113e-7
0.241, -9.150e-7
0.240, -9.199e-7
0.239, -9.234e-7
0.238, -9.287e-7
0.237, -9.323e-7
0.236, -9.372e-7
0.235, -9.412e-7
0.234, -9.462e-7
0.233, -9.498e-7
0.232, -9.551e-7
0.231, -9.588e-7
0.230, -9.637e-7
0.229, -9.677e-7
0.228, -9.729e-7
0.227, -9.765e-7
0.226, -9.817e-7
0.225, -9.857e-7
0.224, -9.908e-7
0.223, -9.946e-7
0.222, -1.000e-6
0.221, -1.004e-6
0.220, -1.009e-6
0.219, -1.013e-6
0.218, -1.018e-6
0.217, -1.022e-6
0.216, -1.028e-6
0.215, -1.032e-6
0.214, -1.037e-6
0.213, -1.041e-6
0.212, -1.046e-6
0.211, -1.050e-6
0.210, -1.056e-6
0.209, -1.060e-6
0.208, -1.065e-6
0.207, -1.069e-6
0.206, -1.074e-6
0.205, -1.079e-6
0.204, -1.084e-6
0.203, -1.088e-6
0.202, -1.094e-6
0.201, -1.097e-6
0.200, -1.103e-6
0.199, -1.107e-6
0.198, -1.113e-6
0.197, -1.117e-6
0.196, -1.122e-6
0.195, -1.127e-6
0.194, -1.132e-6
0.193, -1.137e-6
0.192, -1.142e-6
0.191, -1.146e-6
0.190, -1.152e-6
0.189, -1.156e-6
0.188, -1.162e-6
0.187, -1.166e-6
0.186, -1.172e-6
0.185, -1.176e-6
0.184, -1.182e-6
0.183, -1.186e-6
0.182, -1.192e-6
0.181, -1.196e-6
0.180, -1.202e-6
0.179, -1.206e-6
0.178, -1.212e-6
0.177, -1.216e-6
0.176, -1.222e-6
0.175, -1.226e-6
0.174, -1.232e-6
0.173, -1.237e-6
0.172, -1.243e-6
0.171, -1.247e-6
0.170, -1.253e-6
0.169, -1.257e-6
0.168, -1.263e-6
0.167, -1.268e-6
0.166, -1.274e-6
0.165, -1.278e-6
0.164, -1.284e-6
0.163, -1.289e-6
0.162, -1.295e-6
0.161, -1.299e-6
0.160, -1.305e-6
0.159, -1.310e-6
0.158, -1.316e-6
0.157, -1.320e-6
0.156, -1.326e-6
0.155, -1.331e-6
0.154, -1.337e-6
0.153, -1.342e-6
0.152, -1.348e-6
0.151, -1.352e-6
0.150, -1.358e-6
0.149, -1.363e-6
0.148, -1.369e-6
0.147, -1.374e-6
0.146, -1.380e-6
0.145, -1.385e-6
0.144, -1.391e-6
0.143, -1.396e-6
0.142, -1.402e-6
0.141, -1.407e-6
0.140, -1.413e-6
0.139, -1.418e-6
0.138, -1.424e-6
0.137, -1.429e-6
0.136, -1.435e-6
0.135, -1.440e-6
0.134, -1.446e-6
0.133, -1.452e-6
0.132, -1.458e-6
0.131, -1.463e-6
0.130, -1.469e-6
0.129, -1.474e-6
0.128, -1.480e-6
0.127, -1.485e-6
0.126, -1.492e-6
0.125, -1.496e-6
0.124, -1.503e-6
0.123, -1.508e-6
0.122, -1.514e-6
0.121, -1.519e-6
0.120, -1.526e-6
0.119, -1.531e-6
0.118, -1.537e-6
0.117, -1.542e-6
0.116, -1.549e-6
0.115, -1.554e-6
0.114, -1.560e-6
0.113, -1.566e-6
0.112, -1.572e-6
0.111, -1.577e-6
0.110, -1.584e-6
0.109, -1.589e-6
0.108, -1.595e-6
0.107, -1.601e-6
0.106, -1.607e-6
0.105, -1.612e-6
0.104, -1.619e-6
0.103, -1.624e-6
0.102, -1.630e-6
0.101, -1.636e-6
0.100, -1.642e-6
0.099, -1.647e-6
0.098, -1.654e-6
0.097, -1.660e-6
0.096, -1.666e-6
0.095, -1.671e-6
0.094, -1.678e-6
0.093, -1.684e-6
0.092, -1.690e-6
0.091, -1.696e-6
0.090, -1.702e-6
0.089, -1.708e-6
0.088, -1.715e-6
0.087, -1.720e-6
0.086, -1.726e-6
0.085, -1.732e-6
0.084, -1.739e-6
0.083, -1.744e-6
0.082, -1.751e-6
0.081, -1.757e-6
0.080, -1.763e-6
0.079, -1.769e-6
0.078, -1.776e-6
0.077, -1.781e-6
0.076, -1.788e-6
0.075, -1.794e-6
0.074, -1.800e-6
0.073, -1.806e-6
0.072, -1.813e-6
0.071, -1.819e-6
0.070, -1.825e-6
0.069, -1.831e-6
0.068, -1.838e-6
0.067, -1.844e-6
0.066, -1.851e-6
0.065, -1.856e-6
0.064, -1.863e-6
0.063, -1.869e-6
0.062, -1.876e-6
0.061, -1.882e-6
0.060, -1.889e-6
0.059, -1.895e-6
0.058, -1.901e-6
0.057, -1.907e-6
0.056, -1.914e-6
0.055, -1.920e-6
0.054, -1.927e-6
0.053, -1.933e-6
0.052, -1.940e-6
0.051, -1.946e-6
0.050, -1.953e-6
0.049, -1.959e-6
0.048, -1.965e-6
0.047, -1.971e-6
0.046, -1.979e-6
0.045, -1.985e-6
0.044, -1.992e-6
0.043, -1.998e-6
0.042, -2.005e-6
0.041, -2.011e-6
0.040, -2.018e-6
0.039, -2.024e-6
0.038, -2.031e-6
0.037, -2.037e-6
0.036, -2.044e-6
0.035, -2.050e-6
0.034, -2.057e-6
0.033, -2.063e-6
0.032, -2.071e-6
0.031, -2.077e-6
0.030, -2.084e-6
0.029, -2.090e-6
0.028, -2.097e-6
0.027, -2.103e-6
0.026, -2.110e-6
0.025, -2.116e-6
0.024, -2.124e-6
0.023, -2.130e-6
0.022, -2.137e-6
0.021, -2.143e-6
0.020, -2.151e-6
0.019, -2.157e-6
0.018, -2.164e-6
0.017, -2.170e-6
0.016, -2.178e-6
0.015, -2.183e-6
0.014, -2.191e-6
0.013, -2.197e-6
0.012, -2.205e-6
0.011, -2.211e-6
0.010, -2.218e-6
0.009, -2.224e-6
0.008, -2.232e-6
0.007, -2.238e-6
0.006, -2.246e-6
0.005, -2.252e-6
0.004, -2.259e-6
0.003, -2.265e-6
0.002, -2.273e-6
0.001, -2.279e-6
0.000, -2.286e-6
-0.001, -2.292e-6
-0.002, -2.300e-6
-0.003, -2.306e-6
-0.004, -2.314e-6
-0.005, -2.320e-6
-0.006, -2.328e-6
-0.007, -2.334e-6
-0.008, -2.342e-6
-0.009, -2.348e-6
-0.010, -2.355e-6
-0.011, -2.362e-6
-0.012, -2.369e-6
-0.013, -2.376e-6
-0.014, -2.383e-6
-0.015, -2.390e-6
-0.016, -2.398e-6
-0.017, -2.404e-6
-0.018, -2.412e-6
-0.019, -2.418e-6
-0.020, -2.426e-6
-0.021, -2.432e-6
-0.022, -2.440e-6
-0.023, -2.446e-6
-0.024, -2.454e-6
-0.025, -2.460e-6
-0.026, -2.468e-6
-0.027, -2.475e-6
-0.028, -2.482e-6
-0.029, -2.488e-6
-0.030, -2.496e-6
-0.031, -2.503e-6
-0.032, -2.510e-6
-0.033, -2.517e-6
-0.034, -2.525e-6
-0.035, -2.531e-6
-0.036, -2.539e-6
-0.037, -2.546e-6
-0.038, -2.553e-6
-0.039, -2.560e-6
-0.040, -2.568e-6
-0.041, -2.574e-6
-0.042, -2.582e-6
-0.043, -2.588e-6
-0.044, -2.596e-6
-0.045, -2.603e-6
-0.046, -2.611e-6
-0.047, -2.617e-6
-0.048, -2.625e-6
-0.049, -2.632e-6
-0.050, -2.640e-6
-0.051, -2.646e-6
-0.052, -2.654e-6
-0.053, -2.661e-6
-0.054, -2.668e-6
-0.055, -2.675e-6
-0.056, -2.683e-6
-0.057, -2.689e-6
-0.058, -2.697e-6
-0.059, -2.704e-6
-0.060, -2.712e-6
-0.061, -2.719e-6
-0.062, -2.727e-6
-0.063, -2.734e-6
-0.064, -2.741e-6
-0.065, -2.748e-6
-0.066, -2.756e-6
-0.067, -2.763e-6
-0.068, -2.770e-6
-0.069, -2.778e-6
-0.070, -2.786e-6
-0.071, -2.792e-6
-0.072, -2.800e-6
-0.073, -2.807e-6
-0.074, -2.815e-6
-0.075, -2.822e-6
-0.076, -2.830e-6
-0.077, -2.836e-6
-0.078, -2.844e-6
-0.079, -2.851e-6
-0.080, -2.859e-6
-0.081, -2.866e-6
-0.082, -2.874e-6
-0.083, -2.881e-6
-0.084, -2.889e-6
-0.085, -2.896e-6
-0.086, -2.904e-6
-0.087, -2.910e-6
-0.088, -2.919e-6
-0.089, -2.925e-6
-0.090, -2.934e-6
-0.091, -2.941e-6
-0.092, -2.949e-6
-0.093, -2.955e-6
-0.094, -2.963e-6
-0.095, -2.970e-6
-0.096, -2.979e-6
-0.097, -2.985e-6
-0.098, -2.994e-6
-0.099, -3.000e-6
-0.100, -3.008e-6
-0.101, -3.015e-6
-0.102, -3.023e-6
-0.103, -3.030e-6
-0.104, -3.038e-6
-0.105, -3.045e-6
-0.106, -3.053e-6
-0.107, -3.060e-6
-0.108, -3.068e-6
-0.109, -3.075e-6
-0.110, -3.083e-6
-0.111, -3.090e-6
-0.112, -3.098e-6
-0.113, -3.105e-6
-0.114, -3.114e-6
-0.115, -3.121e-6
-0.116, -3.129e-6
-0.117, -3.136e-6
-0.118, -3.144e-6
-0.119, -3.151e-6
-0.120, -3.159e-6
-0.121, -3.166e-6
-0.122, -3.174e-6
-0.123, -3.181e-6
-0.124, -3.190e-6
-0.125, -3.196e-6
-0.126, -3.205e-6
-0.127, -3.212e-6
-0.128, -3.220e-6
-0.129, -3.227e-6
-0.130, -3.235e-6
-0.131, -3.242e-6
-0.132, -3.250e-6
-0.133, -3.257e-6
-0.134, -3.266e-6
-0.135, -3.273e-6
-0.136, -3.281e-6
-0.137, -3.288e-6
-0.138, -3.296e-6
-0.139, -3.303e-6
-0.140, -3.311e-6
-0.141, -3.318e-6
-0.142, -3.327e-6
-0.143, -3.334e-6
-0.144, -3.342e-6
-0.145, -3.349e-6
-0.146, -3.357e-6
-0.147, -3.364e-6
-0.148, -3.372e-6
-0.149, -3.380e-6
-0.150, -3.388e-6
-0.151, -3.395e-6
-0.152, -3.403e-6
-0.153, -3.410e-6
-0.154, -3.419e-6
-0.155, -3.426e-6
-0.156, -3.434e-6
-0.157, -3.441e-6
-0.158, -3.449e-6
-0.159, -3.456e-6
-0.160, -3.465e-6
-0.161, -3.471e-6
-0.162, -3.480e-6
-0.163, -3.487e-6
-0.164, -3.495e-6
-0.165, -3.503e-6
-0.166, -3.511e-6
-0.167, -3.518e-6
-0.168, -3.526e-6
-0.169, -3.533e-6
-0.170, -3.541e-6
-0.171, -3.549e-6
-0.172, -3.557e-6
-0.173, -3.564e-6
-0.174, -3.572e-6
-0.175, -3.580e-6
-0.176, -3.588e-6
-0.177, -3.595e-6
-0.178, -3.603e-6
-0.179, -3.610e-6
-0.180, -3.618e-6
-0.181, -3.626e-6
-0.182, -3.634e-6
-0.183, -3.641e-6
-0.184, -3.649e-6
-0.185, -3.657e-6
-0.186, -3.665e-6
-0.187, -3.672e-6
-0.188, -3.680e-6
-0.189, -3.687e-6
-0.190, -3.695e-6
-0.191, -3.703e-6
-0.192, -3.711e-6
-0.193, -3.718e-6
-0.194, -3.726e-6
-0.195, -3.733e-6
-0.196, -3.741e-6
-0.197, -3.749e-6
-0.198, -3.757e-6
-0.199, -3.764e-6
-0.200, -3.773e-6
-0.201, -3.780e-6
-0.202, -3.788e-6
-0.203, -3.795e-6
-0.204, -3.803e-6
-0.205, -3.811e-6
-0.206, -3.819e-6
-0.207, -3.826e-6
-0.208, -3.834e-6
-0.209, -3.841e-6
-0.210, -3.850e-6
-0.211, -3.857e-6
-0.212, -3.865e-6
-0.213, -3.873e-6
-0.214, -3.881e-6
-0.215, -3.888e-6
-0.216, -3.896e-6
-0.217, -3.903e-6
-0.218, -3.911e-6
-0.219, -3.919e-6
-0.220, -3.927e-6
-0.221, -3.934e-6
-0.222, -3.942e-6
-0.223, -3.949e-6
-0.224, -3.958e-6
-0.225, -3.965e-6
-0.226, -3.973e-6
-0.227, -3.980e-6
-0.228, -3.988e-6
-0.229, -3.995e-6
-0.230, -4.004e-6
-0.231, -4.011e-6
-0.232, -4.019e-6
-0.233, -4.026e-6
-0.234, -4.034e-6
-0.235, -4.041e-6
-0.236, -4.050e-6
-0.237, -4.057e-6
-0.238, -4.065e-6
-0.239, -4.072e-6
-0.240, -4.080e-6
-0.241, -4.087e-6
-0.242, -4.096e-6
-0.243, -4.103e-6
-0.244, -4.111e-6
-0.245, -4.118e-6
-0.246, -4.126e-6
-0.247, -4.133e-6
-0.248, -4.142e-6
-0.249, -4.149e-6
-0.250, -4.157e-6
-0.251, -4.164e-6
-0.252, -4.172e-6
-0.253, -4.179e-6
-0.254, -4.188e-6
-0.255, -4.195e-6
-0.256, -4.203e-6
-0.257, -4.210e-6
-0.258, -4.219e-6
-0.259, -4.226e-6
-0.260, -4.234e-6
-0.261, -4.241e-6
-0.262, -4.249e-6
-0.263, -4.256e-6
-0.264, -4.265e-6
-0.265, -4.272e-6
-0.266, -4.280e-6
-0.267, -4.287e-6
-0.268, -4.295e-6
-0.269, -4.302e-6
-0.270, -4.310e-6
-0.271, -4.318e-6
-0.272, -4.325e-6
-0.273, -4.332e-6
-0.274, -4.341e-6
-0.275, -4.348e-6
-0.276, -4.356e-6
-0.277, -4.363e-6
-0.278, -4.371e-6
-0.279, -4.378e-6
-0.280, -4.387e-6
-0.281, -4.394e-6
-0.282, -4.402e-6
-0.283, -4.409e-6
-0.284, -4.417e-6
-0.285, -4.424e-6
-0.286, -4.432e-6
-0.287, -4.439e-6
-0.288, -4.447e-6
-0.289, -4.454e-6
-0.290, -4.463e-6
-0.291, -4.469e-6
-0.292, -4.477e-6
-0.293, -4.485e-6
-0.294, -4.493e-6
-0.295, -4.499e-6
-0.296, -4.508e-6
-0.297, -4.515e-6
-0.298, -4.523e-6
-0.299, -4.530e-6
-0.300, -4.538e-6
-0.301, -4.545e-6
-0.302, -4.553e-6
-0.303, -4.560e-6
-0.304, -4.568e-6
-0.305, -4.575e-6
-0.306, -4.583e-6
-0.307, -4.590e-6
-0.308, -4.598e-6
-0.309, -4.605e-6
-0.310, -4.613e-6
-0.311, -4.620e-6
-0.312, -4.628e-6
-0.313, -4.635e-6
-0.314, -4.643e-6
-0.315, -4.650e-6
-0.316, -4.658e-6
-0.317, -4.665e-6
-0.318, -4.673e-6
-0.319, -4.681e-6
-0.320, -4.689e-6
-0.321, -4.696e-6
-0.322, -4.704e-6
-0.323, -4.710e-6
-0.324, -4.718e-6
-0.325, -4.726e-6
-0.326, -4.734e-6
-0.327, -4.741e-6
-0.328, -4.749e-6
-0.329, -4.756e-6
-0.330, -4.764e-6
-0.331, -4.770e-6
-0.332, -4.778e-6
-0.333, -4.785e-6
-0.334, -4.794e-6
-0.335, -4.801e-6
-0.336, -4.809e-6
-0.337, -4.815e-6
-0.338, -4.824e-6
-0.339, -4.830e-6
-0.340, -4.838e-6
-0.341, -4.846e-6
-0.342, -4.853e-6
-0.343, -4.860e-6
-0.344, -4.868e-6
-0.345, -4.875e-6
-0.346, -4.883e-6
-0.347, -4.890e-6
-0.348, -4.898e-6
-0.349, -4.905e-6
-0.350, -4.913e-6
-0.351, -4.920e-6
-0.352, -4.928e-6
-0.353, -4.934e-6
-0.354, -4.943e-6
-0.355, -4.949e-6
-0.356, -4.957e-6
-0.357, -4.965e-6
-0.358, -4.972e-6
-0.359, -4.979e-6
-0.360, -4.987e-6
-0.361, -4.994e-6
-0.362, -5.002e-6
-0.363, -5.009e-6
-0.364, -5.017e-6
-0.365, -5.024e-6
-0.366, -5.032e-6
-0.367, -5.038e-6
-0.368, -5.046e-6
-0.369, -5.053e-6
-0.370, -5.061e-6
-0.371, -5.068e-6
-0.372, -5.076e-6
-0.373, -5.083e-6
-0.374, -5.091e-6
-0.375, -5.097e-6
-0.376, -5.105e-6
-0.377, -5.112e-6
-0.378, -5.120e-6
-0.379, -5.127e-6
-0.380, -5.135e-6
-0.381, -5.142e-6
-0.382, -5.150e-6
-0.383, -5.156e-6
-0.384, -5.164e-6
-0.385, -5.171e-6
-0.386, -5.179e-6
-0.387, -5.186e-6
-0.388, -5.193e-6
-0.389, -5.200e-6
-0.390, -5.208e-6
-0.391, -5.215e-6
-0.392, -5.223e-6
-0.393, -5.230e-6
-0.394, -5.237e-6
-0.395, -5.244e-6
-0.396, -5.252e-6
-0.397, -5.259e-6
-0.398, -5.267e-6
-0.399, -5.274e-6
-0.400, -5.281e-6
-0.401, -5.288e-6
-0.402, -5.296e-6
-0.403, -5.303e-6
-0.404, -5.311e-6
-0.405, -5.318e-6
-0.406, -5.325e-6
-0.407, -5.332e-6
-0.408, -5.340e-6
-0.409, -5.346e-6
-0.410, -5.354e-6
-0.411, -5.360e-6
-0.412, -5.369e-6
-0.413, -5.375e-6
-0.414, -5.383e-6
-0.415, -5.390e-6
-0.416, -5.398e-6
-0.417, -5.404e-6
-0.418, -5.412e-6
-0.419, -5.419e-6
-0.420, -5.427e-6
-0.421, -5.434e-6
-0.422, -5.441e-6
-0.423, -5.448e-6
-0.424, -5.456e-6
-0.425, -5.463e-6
-0.426, -5.471e-6
-0.427, -5.477e-6
-0.428, -5.485e-6
-0.429, -5.492e-6
-0.430, -5.500e-6
-0.431, -5.507e-6
-0.432, -5.514e-6
-0.433, -5.521e-6
-0.434, -5.529e-6
-0.435, -5.536e-6
-0.436, -5.543e-6
-0.437, -5.550e-6
-0.438, -5.558e-6
-0.439, -5.564e-6
-0.440, -5.572e-6
-0.441, -5.579e-6
-0.442, -5.587e-6
-0.443, -5.594e-6
-0.444, -5.601e-6
-0.445, -5.608e-6
-0.446, -5.616e-6
-0.447, -5.623e-6
-0.448, -5.631e-6
-0.449, -5.637e-6
-0.450, -5.645e-6
-0.451, -5.652e-6
-0.452, -5.659e-6
-0.453, -5.666e-6
-0.454, -5.674e-6
-0.455, -5.681e-6
-0.456, -5.689e-6
-0.457, -5.696e-6
-0.458, -5.703e-6
-0.459, -5.710e-6
-0.460, -5.718e-6
-0.461, -5.725e-6
-0.462, -5.732e-6
-0.463, -5.739e-6
-0.464, -5.747e-6
-0.465, -5.754e-6
-0.466, -5.762e-6
-0.467, -5.768e-6
-0.468, -5.776e-6
-0.469, -5.783e-6
-0.470, -5.791e-6
-0.471, -5.798e-6
-0.472, -5.806e-6
-0.473, -5.812e-6
-0.474, -5.820e-6
-0.475, -5.827e-6
-0.476, -5.835e-6
-0.477, -5.842e-6
-0.478, -5.850e-6
-0.479, -5.857e-6
-0.480, -5.865e-6
-0.481, -5.872e-6
-0.482, -5.880e-6
-0.483, -5.887e-6
-0.484, -5.894e-6
-0.485, -5.901e-6
-0.486, -5.909e-6
-0.487, -5.916e-6
-0.488, -5.924e-6
-0.489, -5.931e-6
-0.490, -5.939e-6
-0.491, -5.946e-6
-0.492, -5.954e-6
-0.493, -5.961e-6
-0.494, -5.969e-6
-0.495, -5.976e-6
-0.496, -5.984e-6
-0.497, -5.991e-6
-0.498, -5.999e-6
-0.499, -6.006e-6
-0.500, -6.014e-6
-0.501, -6.022e-6
-0.502, -6.030e-6
-0.503, -6.036e-6
-0.504, -6.045e-6
-0.505, -6.052e-6
-0.506, -6.060e-6
-0.507, -6.068e-6
-0.508, -6.076e-6
-0.509, -6.083e-6
-0.510, -6.091e-6
-0.511, -6.099e-6
-0.512, -6.106e-6
-0.513, -6.113e-6
-0.514, -6.122e-6
-0.515, -6.129e-6
-0.516, -6.138e-6
-0.517, -6.145e-6
-0.518, -6.154e-6
-0.519, -6.161e-6
-0.520, -6.170e-6
-0.521, -6.177e-6
-0.522, -6.186e-6
-0.523, -6.193e-6
-0.524, -6.202e-6
-0.525, -6.209e-6
-0.526, -6.218e-6
-0.527, -6.226e-6
-0.528, -6.234e-6
-0.529, -6.241e-6
-0.530, -6.251e-6
-0.531, -6.258e-6
-0.532, -6.267e-6
-0.533, -6.275e-6
-0.534, -6.284e-6
-0.535, -6.292e-6
-0.536, -6.301e-6
-0.537, -6.308e-6
-0.538, -6.317e-6
-0.539, -6.325e-6
-0.540, -6.334e-6
-0.541, -6.341e-6
-0.542, -6.350e-6
-0.543, -6.358e-6
-0.544, -6.367e-6
-0.545, -6.376e-6
-0.546, -6.385e-6
-0.547, -6.393e-6
-0.548, -6.402e-6
-0.549, -6.410e-6
-0.550, -6.419e-6
-0.551, -6.427e-6
-0.552, -6.437e-6
-0.553, -6.445e-6
-0.554, -6.454e-6
-0.555, -6.462e-6
-0.556, -6.472e-6
-0.557, -6.480e-6
-0.558, -6.490e-6
-0.559, -6.498e-6
-0.560, -6.507e-6
-0.561, -6.515e-6
-0.562, -6.525e-6
-0.563, -6.533e-6
-0.564, -6.543e-6
-0.565, -6.551e-6
-0.566, -6.561e-6
-0.567, -6.569e-6
-0.568, -6.578e-6
-0.569, -6.587e-6
-0.570, -6.596e-6
-0.571, -6.605e-6
-0.572, -6.614e-6
-0.573, -6.623e-6
-0.574, -6.632e-6
-0.575, -6.641e-6
-0.576, -6.650e-6
-0.577, -6.659e-6
-0.578, -6.668e-6
-0.579, -6.677e-6
-0.580, -6.686e-6
-0.581, -6.695e-6
-0.582, -6.704e-6
-0.583, -6.713e-6
-0.584, -6.722e-6
-0.585, -6.731e-6
-0.586, -6.740e-6
-0.587, -6.749e-6
-0.588, -6.758e-6
-0.589, -6.766e-6
-0.590, -6.776e-6
-0.591, -6.785e-6
-0.592, -6.794e-6
-0.593, -6.802e-6
-0.594, -6.812e-6
-0.595, -6.820e-6
-0.596, -6.829e-6
-0.597, -6.838e-6
-0.598, -6.847e-6
-0.599, -6.855e-6
-0.600, -6.865e-6
-0.601, -6.873e-6
-0.602, -6.882e-6
-0.603, -6.891e-6
-0.604, -6.900e-6
-0.605, -6.908e-6
-0.606, -6.917e-6
-0.607, -6.925e-6
-0.608, -6.934e-6
-0.609, -6.942e-6
-0.610, -6.951e-6
-0.611, -6.959e-6
-0.612, -6.968e-6
-0.613, -6.976e-6
-0.614, -6.985e-6
-0.615, -6.993e-6
-0.616, -7.002e-6
-0.617, -7.010e-6
-0.618, -7.018e-6
-0.619, -7.026e-6
-0.620, -7.035e-6
-0.621, -7.043e-6
-0.622, -7.051e-6
-0.623, -7.059e-6
-0.624, -7.067e-6
-0.625, -7.075e-6
-0.626, -7.083e-6
-0.627, -7.091e-6
-0.628, -7.099e-6
-0.629, -7.107e-6
-0.630, -7.115e-6
-0.631, -7.122e-6
-0.632, -7.131e-6
-0.633, -7.138e-6
-0.634, -7.146e-6
-0.635, -7.153e-6
-0.636, -7.161e-6
-0.637, -7.168e-6
-0.638, -7.176e-6
-0.639, -7.184e-6
-0.640, -7.191e-6
-0.641, -7.198e-6
-0.642, -7.206e-6
-0.643, -7.213e-6
-0.644, -7.220e-6
-0.645, -7.228e-6
-0.646, -7.235e-6
-0.647, -7.242e-6
-0.648, -7.249e-6
-0.649, -7.256e-6
-0.650, -7.263e-6
-0.651, -7.269e-6
-0.652, -7.277e-6
-0.653, -7.283e-6
-0.654, -7.290e-6
-0.655, -7.297e-6
-0.656, -7.304e-6
-0.657, -7.310e-6
-0.658, -7.318e-6
-0.659, -7.324e-6
-0.660, -7.331e-6
-0.661, -7.338e-6
-0.662, -7.345e-6
-0.663, -7.351e-6
-0.664, -7.358e-6
-0.665, -7.364e-6
-0.666, -7.370e-6
-0.667, -7.376e-6
-0.668, -7.383e-6
-0.669, -7.389e-6
-0.670, -7.395e-6
-0.671, -7.402e-6
-0.672, -7.408e-6
-0.673, -7.414e-6
-0.674, -7.421e-6
-0.675, -7.426e-6
-0.676, -7.432e-6
-0.677, -7.438e-6
-0.678, -7.445e-6
-0.679, -7.450e-6
-0.680, -7.457e-6
-0.681, -7.462e-6
-0.682, -7.469e-6
-0.683, -7.474e-6
-0.684, -7.480e-6
-0.685, -7.486e-6
-0.686, -7.492e-6
-0.687, -7.498e-6
-0.688, -7.504e-6
-0.689, -7.509e-6
-0.690, -7.515e-6
-0.691, -7.520e-6
-0.692, -7.526e-6
-0.693, -7.531e-6
-0.694, -7.537e-6
-0.695, -7.542e-6
-0.696, -7.548e-6
-0.697, -7.553e-6
-0.698, -7.559e-6
-0.699, -7.564e-6
-0.700, -7.570e-6
-0.701, -7.575e-6
-0.702, -7.581e-6
-0.703, -7.586e-6
-0.704, -7.592e-6
-0.705, -7.596e-6
-0.706, -7.602e-6
-0.707, -7.607e-6
-0.708, -7.612e-6
-0.709, -7.617e-6
-0.710, -7.623e-6
-0.711, -7.627e-6
-0.712, -7.633e-6
-0.713, -7.638e-6
-0.714, -7.643e-6
-0.715, -7.648e-6
-0.716, -7.654e-6
-0.717, -7.658e-6
-0.718, -7.663e-6
-0.719, -7.668e-6
-0.720, -7.673e-6
-0.721, -7.677e-6
-0.722, -7.683e-6
-0.723, -7.687e-6
-0.724, -7.693e-6
-0.725, -7.698e-6
-0.726, -7.703e-6
-0.727, -7.707e-6
-0.728, -7.713e-6
-0.729, -7.717e-6
-0.730, -7.723e-6
-0.731, -7.727e-6
-0.732, -7.732e-6
-0.733, -7.736e-6
-0.734, -7.742e-6
-0.735, -7.746e-6
-0.736, -7.752e-6
-0.737, -7.756e-6
-0.738, -7.761e-6
-0.739, -7.765e-6
-0.740, -7.770e-6
-0.741, -7.775e-6
-0.742, -7.780e-6
-0.743, -7.784e-6
-0.744, -7.789e-6
-0.745, -7.793e-6
-0.746, -7.798e-6
-0.747, -7.803e-6
-0.748, -7.808e-6
-0.749, -7.812e-6
-0.750, -7.817e-6
-0.751, -7.822e-6
-0.752, -7.827e-6
-0.753, -7.831e-6
-0.754, -7.836e-6
-0.755, -7.840e-6
-0.756, -7.845e-6
-0.757, -7.850e-6
-0.758, -7.855e-6
-0.759, -7.859e-6
-0.760, -7.864e-6
-0.761, -7.868e-6
-0.762, -7.873e-6
-0.763, -7.878e-6
-0.764, -7.883e-6
-0.765, -7.887e-6
-0.766, -7.892e-6
-0.767, -7.896e-6
-0.768, -7.901e-6
-0.769, -7.905e-6
-0.770, -7.910e-6
-0.771, -7.914e-6
-0.772, -7.919e-6
-0.773, -7.923e-6
-0.774, -7.929e-6
-0.775, -7.933e-6
-0.776, -7.938e-6
-0.777, -7.942e-6
-0.778, -7.947e-6
-0.779, -7.951e-6
-0.780, -7.956e-6
-0.781, -7.960e-6
-0.782, -7.965e-6
-0.783, -7.969e-6
-0.784, -7.974e-6
-0.785, -7.978e-6
-0.786, -7.984e-6
-0.787, -7.988e-6
-0.788, -7.993e-6
-0.789, -7.997e-6
-0.790, -8.002e-6
-0.791, -8.006e-6
-0.792, -8.011e-6
-0.793, -8.016e-6
-0.794, -8.020e-6
-0.795, -8.025e-6
-0.796, -8.030e-6
-0.797, -8.034e-6
-0.798, -8.039e-6
-0.799, -8.044e-6
-0.800, -8.049e-6
-0.801, -8.053e-6
-0.802, -8.058e-6
-0.803, -8.062e-6
-0.804, -8.067e-6
-0.805, -8.072e-6
-0.806, -8.077e-6
-0.807, -8.081e-6
-0.808, -8.086e-6
-0.809, -8.091e-6
-0.810, -8.096e-6
-0.811, -8.100e-6
-0.812, -8.106e-6
-0.813, -8.110e-6
-0.814, -8.115e-6
-0.815, -8.120e-6
-0.816, -8.125e-6
-0.817, -8.129e-6
-0.818, -8.135e-6
-0.819, -8.139e-6
-0.820, -8.145e-6
-0.821, -8.150e-6
-0.822, -8.155e-6
-0.823, -8.159e-6
-0.824, -8.165e-6
-0.825, -8.169e-6
-0.826, -8.174e-6
-0.827, -8.179e-6
-0.828, -8.184e-6
-0.829, -8.189e-6
-0.830, -8.194e-6
-0.831, -8.199e-6
-0.832, -8.205e-6
-0.833, -8.209e-6
-0.834, -8.215e-6
-0.835, -8.220e-6
-0.836, -8.225e-6
-0.837, -8.230e-6
-0.838, -8.235e-6
-0.839, -8.240e-6
-0.840, -8.246e-6
-0.841, -8.251e-6
-0.842, -8.257e-6
-0.843, -8.262e-6
-0.844, -8.268e-6
-0.845, -8.273e-6
-0.846, -8.278e-6
-0.847, -8.284e-6
-0.848, -8.290e-6
-0.849, -8.294e-6
-0.850, -8.301e-6
-0.851, -8.306e-6
-0.852, -8.312e-6
-0.853, -8.317e-6
-0.854, -8.323e-6
-0.855, -8.328e-6
-0.856, -8.335e-6
-0.857, -8.340e-6
-0.858, -8.346e-6
-0.859, -8.351e-6
-0.860, -8.358e-6
-0.861, -8.364e-6
-0.862, -8.370e-6
-0.863, -8.376e-6
-0.864, -8.382e-6
-0.865, -8.388e-6
-0.866, -8.394e-6
-0.867, -8.400e-6
-0.868, -8.406e-6
-0.869, -8.412e-6
-0.870, -8.419e-6
-0.871, -8.425e-6
-0.872, -8.432e-6
-0.873, -8.438e-6
-0.874, -8.444e-6
-0.875, -8.450e-6
-0.876, -8.458e-6
-0.877, -8.464e-6
-0.878, -8.471e-6
-0.879, -8.478e-6
-0.880, -8.485e-6
-0.881, -8.492e-6
-0.882, -8.499e-6
-0.883, -8.506e-6
-0.884, -8.513e-6
-0.885, -8.520e-6
-0.886, -8.528e-6
-0.887, -8.534e-6
-0.888, -8.542e-6
-0.889, -8.549e-6
-0.890, -8.557e-6
-0.891, -8.564e-6
-0.892, -8.572e-6
-0.893, -8.579e-6
-0.894, -8.587e-6
-0.895, -8.595e-6
-0.896, -8.603e-6
-0.897, -8.610e-6
-0.898, -8.619e-6
-0.899, -8.627e-6
-0.900, -8.635e-6
-0.901, -8.643e-6
-0.902, -8.652e-6
-0.903, -8.660e-6
-0.904, -8.669e-6
-0.905, -8.677e-6
-0.906, -8.686e-6
-0.907, -8.694e-6
-0.908, -8.704e-6
-0.909, -8.712e-6
-0.910, -8.721e-6
-0.911, -8.730e-6
-0.912, -8.740e-6
-0.913, -8.748e-6
-0.914, -8.759e-6
-0.915, -8.768e-6
-0.916, -8.778e-6
-0.917, -8.788e-6
-0.918, -8.798e-6
-0.919, -8.807e-6
-0.920, -8.818e-6
-0.921, -8.827e-6
-0.922, -8.837e-6
-0.923, -8.847e-6
-0.924, -8.858e-6
-0.925, -8.868e-6
-0.926, -8.879e-6
-0.927, -8.890e-6
-0.928, -8.901e-6
-0.929, -8.912e-6
-0.930, -8.924e-6
-0.931, -8.935e-6
-0.932, -8.947e-6
-0.933, -8.959e-6
-0.934, -8.971e-6
-0.935, -8.983e-6
-0.936, -8.995e-6
-0.937, -9.007e-6
-0.938, -9.019e-6
-0.939, -9.032e-6
-0.940, -9.045e-6
-0.941, -9.058e-6
-0.942, -9.071e-6
-0.943, -9.085e-6
-0.944, -9.098e-6
-0.945, -9.111e-6
-0.946, -9.125e-6
-0.947, -9.139e-6
-0.948, -9.153e-6
-0.949, -9.167e-6
-0.950, -9.182e-6
-0.951, -9.196e-6
-0.952, -9.211e-6
-0.953, -9.226e-6
-0.954, -9.241e-6
-0.955, -9.257e-6
-0.956, -9.273e-6
-0.957, -9.288e-6
-0.958, -9.304e-6
-0.959, -9.320e-6
-0.960, -9.337e-6
-0.961, -9.354e-6
-0.962, -9.371e-6
-0.963, -9.388e-6
-0.964, -9.405e-6
-0.965, -9.422e-6
-0.966, -9.440e-6
-0.967, -9.458e-6
-0.968, -9.476e-6
-0.969, -9.495e-6
-0.970, -9.514e-6
-0.971, -9.532e-6
-0.972, -9.552e-6
-0.973, -9.571e-6
-0.974, -9.591e-6
-0.975, -9.611e-6
-0.976, -9.631e-6
-0.977, -9.651e-6
-0.978, -9.672e-6
-0.979, -9.693e-6
-0.980, -9.715e-6
-0.981, -9.737e-6
-0.982, -9.759e-6
-0.983, -9.781e-6
-0.984, -9.804e-6
-0.985, -9.826e-6
-0.986, -9.849e-6
-0.987, -9.873e-6
-0.988, -9.897e-6
-0.989, -9.920e-6
-0.990, -9.945e-6
-0.991, -9.970e-6
-0.992, -9.996e-6
-0.993, -1.002e-5
-0.994, -1.003e-5
-0.995, -1.003e-5
-0.996, -1.003e-5
-0.997, -1.003e-5
-0.998, -1.003e-5
-0.999, -1.003e-5
-1.000, -1.003e-5
-0.999, -1.003e-5
-0.998, -1.003e-5
-0.997, -1.002e-5
-0.996, -9.969e-6
-0.995, -9.914e-6
-0.994, -9.862e-6
-0.993, -9.810e-6
-0.992, -9.761e-6
-0.991, -9.711e-6
-0.990, -9.662e-6
-0.989, -9.614e-6
-0.988, -9.568e-6
-0.987, -9.521e-6
-0.986, -9.476e-6
-0.985, -9.432e-6
-0.984, -9.388e-6
-0.983, -9.344e-6
-0.982, -9.301e-6
-0.981, -9.259e-6
-0.980, -9.216e-6
-0.979, -9.174e-6
-0.978, -9.134e-6
-0.977, -9.092e-6
-0.976, -9.052e-6
-0.975, -9.012e-6
-0.974, -8.973e-6
-0.973, -8.934e-6
-0.972, -8.896e-6
-0.971, -8.857e-6
-0.970, -8.820e-6
-0.969, -8.782e-6
-0.968, -8.745e-6
-0.967, -8.707e-6
-0.966, -8.670e-6
-0.965, -8.633e-6
-0.964, -8.598e-6
-0.963, -8.562e-6
-0.962, -8.527e-6
-0.961, -8.491e-6
-0.960, -8.457e-6
-0.959, -8.422e-6
-0.958, -8.387e-6
-0.957, -8.353e-6
-0.956, -8.320e-6
-0.955, -8.285e-6
-0.954, -8.252e-6
-0.953, -8.219e-6
-0.952, -8.186e-6
-0.951, -8.153e-6
-0.950, -8.122e-6
-0.949, -8.089e-6
-0.948, -8.057e-6
-0.947, -8.025e-6
-0.946, -7.994e-6
-0.945, -7.962e-6
-0.944, -7.932e-6
-0.943, -7.901e-6
-0.942, -7.870e-6
-0.941, -7.839e-6
-0.940, -7.809e-6
-0.939, -7.779e-6
-0.938, -7.749e-6
-0.937, -7.720e-6
-0.936, -7.690e-6
-0.935, -7.661e-6
-0.934, -7.632e-6
-0.933, -7.603e-6
-0.932, -7.574e-6
-0.931, -7.546e-6
-0.930, -7.518e-6
-0.929, -7.489e-6
-0.928, -7.461e-6
-0.927, -7.433e-6
-0.926, -7.406e-6
-0.925, -7.378e-6
-0.924, -7.351e-6
-0.923, -7.324e-6
-0.922, -7.298e-6
-0.921, -7.272e-6
-0.920, -7.245e-6
-0.919, -7.218e-6
-0.918, -7.192e-6
-0.917, -7.165e-6
-0.916, -7.140e-6
-0.915, -7.113e-6
-0.914, -7.088e-6
-0.913, -7.062e-6
-0.912, -7.037e-6
-0.911, -7.012e-6
-0.910, -6.987e-6
-0.909, -6.962e-6
-0.908, -6.938e-6
-0.907, -6.912e-6
-0.906, -6.888e-6
-0.905, -6.864e-6
-0.904, -6.840e-6
-0.903, -6.815e-6
-0.902, -6.792e-6
-0.901, -6.768e-6
-0.900, -6.745e-6
-0.899, -6.721e-6
-0.898, -6.698e-6
-0.897, -6.674e-6
-0.896, -6.651e-6
-0.895, -6.628e-6
-0.894, -6.605e-6
-0.893, -6.582e-6
-0.892, -6.560e-6
-0.891, -6.537e-6
-0.890, -6.515e-6
-0.889, -6.493e-6
-0.888, -6.471e-6
-0.887, -6.449e-6
-0.886, -6.428e-6
-0.885, -6.406e-6
-0.884, -6.385e-6
-0.883, -6.363e-6
-0.882, -6.342e-6
-0.881, -6.320e-6
-0.880, -6.300e-6
-0.879, -6.278e-6
-0.878, -6.258e-6
-0.877, -6.236e-6
-0.876, -6.216e-6
-0.875, -6.195e-6
-0.874, -6.175e-6
-0.873, -6.155e-6
-0.872, -6.135e-6
-0.871, -6.114e-6
-0.870, -6.095e-6
-0.869, -6.074e-6
-0.868, -6.055e-6
-0.867, -6.035e-6
-0.866, -6.016e-6
-0.865, -5.996e-6
-0.864, -5.977e-6
-0.863, -5.958e-6
-0.862, -5.939e-6
-0.861, -5.919e-6
-0.860, -5.901e-6
-0.859, -5.881e-6
-0.858, -5.863e-6
-0.857, -5.844e-6
-0.856, -5.826e-6
-0.855, -5.806e-6
-0.854, -5.789e-6
-0.853, -5.770e-6
-0.852, -5.753e-6
-0.851, -5.734e-6
-0.850, -5.717e-6
-0.849, -5.698e-6
-0.848, -5.681e-6
-0.847, -5.663e-6
-0.846, -5.646e-6
-0.845, -5.627e-6
-0.844, -5.611e-6
-0.843, -5.592e-6
-0.842, -5.576e-6
-0.841, -5.558e-6
-0.840, -5.542e-6
-0.839, -5.524e-6
-0.838, -5.507e-6
-0.837, -5.490e-6
-0.836, -5.474e-6
-0.835, -5.456e-6
-0.834, -5.440e-6
-0.833, -5.423e-6
-0.832, -5.407e-6
-0.831, -5.390e-6
-0.830, -5.375e-6
-0.829, -5.358e-6
-0.828, -5.342e-6
-0.827, -5.325e-6
-0.826, -5.310e-6
-0.825, -5.293e-6
-0.824, -5.278e-6
-0.823, -5.261e-6
-0.822, -5.246e-6
-0.821, -5.230e-6
-0.820, -5.215e-6
-0.819, -5.198e-6
-0.818, -5.183e-6
-0.817, -5.167e-6
-0.816, -5.152e-6
-0.815, -5.137e-6
-0.814, -5.122e-6
-0.813, -5.106e-6
-0.812, -5.092e-6
-0.811, -5.076e-6
-0.810, -5.062e-6
-0.809, -5.046e-6
-0.808, -5.032e-6
-0.807, -5.016e-6
-0.806, -5.002e-6
-0.805, -4.987e-6
-0.804, -4.973e-6
-0.803, -4.958e-6
-0.802, -4.944e-6
-0.801, -4.929e-6
-0.800, -4.915e-6
-0.799, -4.900e-6
-0.798, -4.886e-6
-0.797, -4.871e-6
-0.796, -4.858e-6
-0.795, -4.842e-6
-0.794, -4.829e-6
-0.793, -4.815e-6
-0.792, -4.801e-6
-0.791, -4.786e-6
-0.790, -4.773e-6
-0.789, -4.759e-6
-0.788, -4.746e-6
-0.787, -4.731e-6
-0.786, -4.718e-6
-0.785, -4.704e-6
-0.784, -4.691e-6
-0.783, -4.677e-6
-0.782, -4.664e-6
-0.781, -4.650e-6
-0.780, -4.637e-6
-0.779, -4.623e-6
-0.778, -4.610e-6
-0.777, -4.597e-6
-0.776, -4.584e-6
-0.775, -4.570e-6
-0.774, -4.558e-6
-0.773, -4.544e-6
-0.772, -4.531e-6
-0.771, -4.518e-6
-0.770, -4.505e-6
-0.769, -4.491e-6
-0.768, -4.479e-6
-0.767, -4.466e-6
-0.766, -4.453e-6
-0.765, -4.440e-6
-0.764, -4.428e-6
-0.763, -4.415e-6
-0.762, -4.403e-6
-0.761, -4.389e-6
-0.760, -4.377e-6
-0.759, -4.364e-6
-0.758, -4.352e-6
-0.757, -4.339e-6
-0.756, -4.327e-6
-0.755, -4.314e-6
-0.754, -4.303e-6
-0.753, -4.289e-6
-0.752, -4.278e-6
-0.751, -4.265e-6
-0.750, -4.253e-6
-0.749, -4.240e-6
-0.748, -4.229e-6
-0.747, -4.216e-6
-0.746, -4.205e-6
-0.745, -4.192e-6
-0.744, -4.181e-6
-0.743, -4.168e-6
-0.742, -4.157e-6
-0.741, -4.144e-6
-0.740, -4.133e-6
-0.739, -4.120e-6
-0.738, -4.109e-6
-0.737, -4.096e-6
-0.736, -4.085e-6
-0.735, -4.073e-6
-0.734, -4.061e-6
-0.733, -4.049e-6
-0.732, -4.038e-6
-0.731, -4.026e-6
-0.730, -4.015e-6
-0.729, -4.002e-6
-0.728, -3.991e-6
-0.727, -3.979e-6
-0.726, -3.969e-6
-0.725, -3.956e-6
-0.724, -3.945e-6
-0.723, -3.933e-6
-0.722, -3.922e-6
-0.721, -3.910e-6
-0.720, -3.900e-6
-0.719, -3.887e-6
-0.718, -3.877e-6
-0.717, -3.865e-6
-0.716, -3.855e-6
-0.715, -3.842e-6
-0.714, -3.832e-6
-0.713, -3.820e-6
-0.712, -3.810e-6
-0.711, -3.798e-6
-0.710, -3.787e-6
-0.709, -3.776e-6
-0.708, -3.765e-6
-0.707, -3.753e-6
-0.706, -3.743e-6
-0.705, -3.731e-6
-0.704, -3.720e-6
-0.703, -3.709e-6
-0.702, -3.698e-6
-0.701, -3.687e-6
-0.700, -3.676e-6
-0.699, -3.665e-6
-0.698, -3.654e-6
-0.697, -3.643e-6
-0.696, -3.632e-6
-0.695, -3.621e-6
-0.694, -3.611e-6
-0.693, -3.599e-6
-0.692, -3.589e-6
-0.691, -3.578e-6
-0.690, -3.568e-6
-0.689, -3.556e-6
-0.688, -3.546e-6
-0.687, -3.535e-6
-0.686, -3.525e-6
-0.685, -3.513e-6
-0.684, -3.504e-6
-0.683, -3.492e-6
-0.682, -3.482e-6
-0.681, -3.471e-6
-0.680, -3.461e-6
-0.679, -3.450e-6
-0.678, -3.440e-6
-0.677, -3.428e-6
-0.676, -3.419e-6
-0.675, -3.407e-6
-0.674, -3.398e-6
-0.673, -3.387e-6
-0.672, -3.377e-6
-0.671, -3.366e-6
-0.670, -3.356e-6
-0.669, -3.345e-6
-0.668, -3.335e-6
-0.667, -3.324e-6
-0.666, -3.314e-6
-0.665, -3.303e-6
-0.664, -3.293e-6
-0.663, -3.282e-6
-0.662, -3.273e-6
-0.661, -3.262e-6
-0.660, -3.252e-6
-0.659, -3.241e-6
-0.658, -3.232e-6
-0.657, -3.220e-6
-0.656, -3.211e-6
-0.655, -3.200e-6
-0.654, -3.190e-6
-0.653, -3.179e-6
-0.652, -3.170e-6
-0.651, -3.159e-6
-0.650, -3.149e-6
-0.649, -3.139e-6
-0.648, -3.129e-6
-0.647, -3.118e-6
-0.646, -3.109e-6
-0.645, -3.098e-6
-0.644, -3.089e-6
-0.643, -3.078e-6
-0.642, -3.069e-6
-0.641, -3.058e-6
-0.640, -3.049e-6
-0.639, -3.038e-6
-0.638, -3.028e-6
-0.637, -3.018e-6
-0.636, -3.008e-6
-0.635, -2.997e-6
-0.634, -2.988e-6
-0.633, -2.978e-6
-0.632, -2.968e-6
-0.631, -2.958e-6
-0.630, -2.949e-6
-0.629, -2.938e-6
-0.628, -2.929e-6
-0.627, -2.918e-6
-0.626, -2.909e-6
-0.625, -2.898e-6
-0.624, -2.889e-6
-0.623, -2.878e-6
-0.622, -2.869e-6
-0.621, -2.859e-6
-0.620, -2.849e-6
-0.619, -2.839e-6
-0.618, -2.830e-6
-0.617, -2.819e-6
-0.616, -2.810e-6
-0.615, -2.800e-6
-0.614, -2.791e-6
-0.613, -2.780e-6
-0.612, -2.771e-6
-0.611, -2.761e-6
-0.610, -2.752e-6
-0.609, -2.741e-6
-0.608, -2.732e-6
-0.607, -2.722e-6
-0.606, -2.712e-6
-0.605, -2.702e-6
-0.604, -2.693e-6
-0.603, -2.683e-6
-0.602, -2.674e-6
-0.601, -2.663e-6
-0.600, -2.654e-6
-0.599, -2.644e-6
-0.598, -2.635e-6
-0.597, -2.625e-6
-0.596, -2.616e-6
-0.595, -2.605e-6
-0.594, -2.597e-6
-0.593, -2.586e-6
-0.592, -2.577e-6
-0.591, -2.567e-6
-0.590, -2.558e-6
-0.589, -2.548e-6
-0.588, -2.539e-6
-0.587, -2.529e-6
-0.586, -2.520e-6
-0.585, -2.510e-6
-0.584, -2.501e-6
-0.583, -2.491e-6
-0.582, -2.482e-6
-0.581, -2.471e-6
-0.580, -2.463e-6
-0.579, -2.452e-6
-0.578, -2.444e-6
-0.577, -2.433e-6
-0.576, -2.425e-6
-0.575, -2.414e-6
-0.574, -2.406e-6
-0.573, -2.395e-6
-0.572, -2.387e-6
-0.571, -2.376e-6
-0.570, -2.368e-6
-0.569, -2.357e-6
-0.568, -2.349e-6
-0.567, -2.338e-6
-0.566, -2.330e-6
-0.565, -2.320e-6
-0.564, -2.311e-6
-0.563, -2.301e-6
-0.562, -2.292e-6
-0.561, -2.282e-6
-0.560, -2.273e-6
-0.559, -2.263e-6
-0.558, -2.255e-6
-0.557, -2.244e-6
-0.556, -2.236e-6
-0.555, -2.225e-6
-0.554, -2.217e-6
-0.553, -2.207e-6
-0.552, -2.198e-6
-0.551, -2.188e-6
-0.550, -2.179e-6
-0.549, -2.169e-6
-0.548, -2.161e-6
-0.547, -2.151e-6
-0.546, -2.142e-6
-0.545, -2.132e-6
-0.544, -2.124e-6
-0.543, -2.114e-6
-0.542, -2.105e-6
-0.541, -2.095e-6
-0.540, -2.087e-6
-0.539, -2.076e-6
-0.538, -2.068e-6
-0.537, -2.058e-6
-0.536, -2.049e-6
-0.535, -2.039e-6
-0.534, -2.031e-6
-0.533, -2.021e-6
-0.532, -2.012e-6
-0.531, -2.002e-6
-0.530, -1.994e-6
-0.529, -1.983e-6
-0.528, -1.975e-6
-0.527, -1.965e-6
-0.526, -1.957e-6
-0.525, -1.947e-6
-0.524, -1.938e-6
-0.523, -1.928e-6
-0.522, -1.920e-6
-0.521, -1.910e-6
-0.520, -1.901e-6
-0.519, -1.891e-6
-0.518, -1.883e-6
-0.517, -1.873e-6
-0.516, -1.865e-6
-0.515, -1.855e-6
-0.514, -1.846e-6
-0.513, -1.836e-6
-0.512, -1.828e-6
-0.511, -1.818e-6
-0.510, -1.810e-6
-0.509, -1.800e-6
-0.508, -1.792e-6
-0.507, -1.782e-6
-0.506, -1.773e-6
-0.505, -1.763e-6
-0.504, -1.755e-6
-0.503, -1.745e-6
-0.502, -1.737e-6
-0.501, -1.727e-6
-0.500, -1.718e-6
-0.499, -1.709e-6
-0.498, -1.700e-6
-0.497, -1.690e-6
-0.496, -1.682e-6
-0.495, -1.672e-6
-0.494, -1.664e-6
-0.493, -1.654e-6
-0.492, -1.646e-6
-0.491, -1.636e-6
-0.490, -1.628e-6
-0.489, -1.618e-6
-0.488, -1.610e-6
-0.487, -1.600e-6
-0.486, -1.592e-6
-0.485, -1.582e-6
-0.484, -1.574e-6
-0.483, -1.564e-6
-0.482, -1.556e-6
-0.481, -1.546e-6
-0.480, -1.538e-6
-0.479, -1.529e-6
-0.478, -1.520e-6
-0.477, -1.511e-6
-0.476, -1.503e-6
-0.475, -1.493e-6
-0.474, -1.485e-6
-0.473, -1.476e-6
-0.472, -1.467e-6
-0.471, -1.458e-6
-0.470, -1.450e-6
-0.469, -1.440e-6
-0.468, -1.432e-6
-0.467, -1.423e-6
-0.466, -1.415e-6
-0.465, -1.405e-6
-0.464, -1.397e-6
-0.463, -1.388e-6
-0.462, -1.380e-6
-0.461, -1.371e-6
-0.460, -1.363e-6
-0.459, -1.353e-6
-0.458, -1.345e-6
-0.457, -1.336e-6
-0.456, -1.328e-6
-0.455, -1.319e-6
-0.454, -1.311e-6
-0.453, -1.302e-6
-0.452, -1.294e-6
-0.451, -1.285e-6
-0.450, -1.277e-6
-0.449, -1.268e-6
-0.448, -1.261e-6
-0.447, -1.251e-6
-0.446, -1.244e-6
-0.445, -1.235e-6
-0.444, -1.227e-6
-0.443, -1.218e-6
-0.442, -1.210e-6
-0.441, -1.201e-6
-0.440, -1.193e-6
-0.439, -1.184e-6
-0.438, -1.177e-6
-0.437, -1.168e-6
-0.436, -1.160e-6
-0.435, -1.151e-6
-0.434, -1.144e-6
-0.433, -1.135e-6
-0.432, -1.127e-6
-0.431, -1.118e-6
-0.430, -1.111e-6
-0.429, -1.102e-6
-0.428, -1.095e-6
-0.427, -1.086e-6
-0.426, -1.078e-6
-0.425, -1.069e-6
-0.424, -1.062e-6
-0.423, -1.053e-6
-0.422, -1.046e-6
-0.421, -1.037e-6
-0.420, -1.029e-6
-0.419, -1.021e-6
-0.418, -1.013e-6
-0.417, -1.004e-6
-0.416, -9.972e-7
-0.415, -9.885e-7
-0.414, -9.811e-7
-0.413, -9.724e-7
-0.412, -9.652e-7
-0.411, -9.563e-7
-0.410, -9.491e-7
-0.409, -9.406e-7
-0.408, -9.333e-7
-0.407, -9.246e-7
-0.406, -9.176e-7
-0.405, -9.090e-7
-0.404, -9.017e-7
-0.403, -8.929e-7
-0.402, -8.858e-7
-0.401, -8.770e-7
-0.400, -8.701e-7
-0.399, -8.616e-7
-0.398, -8.543e-7
-0.397, -8.458e-7
-0.396, -8.386e-7
-0.395, -8.298e-7
-0.394, -8.228e-7
-0.393, -8.143e-7
-0.392, -8.072e-7
-0.391, -7.986e-7
-0.390, -7.917e-7
-0.389, -7.831e-7
-0.388, -7.761e-7
-0.387, -7.677e-7
-0.386, -7.607e-7
-0.385, -7.521e-7
-0.384, -7.453e-7
-0.383, -7.368e-7
-0.382, -7.297e-7
-0.381, -7.214e-7
-0.380, -7.145e-7
-0.379, -7.059e-7
-0.378, -6.990e-7
-0.377, -6.907e-7
-0.376, -6.837e-7
-0.375, -6.754e-7
-0.374, -6.686e-7
-0.373, -6.603e-7
-0.372, -6.532e-7
-0.371, -6.450e-7
-0.370, -6.382e-7
-0.369, -6.296e-7
-0.368, -6.230e-7
-0.367, -6.148e-7
-0.366, -6.078e-7
-0.365, -5.996e-7
-0.364, -5.930e-7
-0.363, -5.846e-7
-0.362, -5.779e-7
-0.361, -5.698e-7
-0.360, -5.629e-7
-0.359, -5.546e-7
-0.358, -5.480e-7
-0.357, -5.397e-7
-0.356, -5.329e-7
-0.355, -5.249e-7
-0.354, -5.183e-7
-0.353, -5.099e-7
-0.352, -5.032e-7
-0.351, -4.952e-7
-0.350, -4.883e-7
-0.349, -4.803e-7
-0.348, -4.738e-7
-0.347, -4.655e-7
-0.346, -4.589e-7
-0.345, -4.509e-7
-0.344, -4.442e-7
-0.343, -4.362e-7
-0.342, -4.297e-7
-0.341, -4.216e-7
-0.340, -4.150e-7
-0.339, -4.070e-7
-0.338, -4.005e-7
-0.337, -3.923e-7
-0.336, -3.860e-7
-0.335, -3.781e-7
-0.334, -3.713e-7
-0.333, -3.633e-7
-0.332, -3.570e-7
-0.331, -3.488e-7
-0.330, -3.424e-7
-0.329, -3.345e-7
-0.328, -3.280e-7
-0.327, -3.200e-7
-0.326, -3.136e-7
-0.325, -3.056e-7
-0.324, -2.992e-7
-0.323, -2.915e-7
-0.322, -2.851e-7
-0.321, -2.771e-7
-0.320, -2.708e-7
-0.319, -2.629e-7
-0.318, -2.564e-7
-0.317, -2.487e-7
-0.316, -2.424e-7
-0.315, -2.345e-7
-0.314, -2.282e-7
-0.313, -2.204e-7
-0.312, -2.139e-7
-0.311, -2.061e-7
-0.310, -1.999e-7
-0.309, -1.921e-7
-0.308, -1.857e-7
-0.307, -1.782e-7
-0.306, -1.720e-7
-0.305, -1.641e-7
-0.304, -1.579e-7
-0.303, -1.503e-7
-0.302, -1.439e-7
-0.301, -1.362e-7
-0.300, -1.301e-7
-0.299, -1.222e-7
-0.298, -1.160e-7
-0.297, -1.085e-7
-0.296, -1.021e-7
-0.295, -9.444e-8
-0.294, -8.832e-8
-0.293, -8.062e-8
-0.292, -7.424e-8
-0.291, -6.672e-8
-0.290, -6.062e-8
-0.289, -5.292e-8
-0.288, -4.683e-8
-0.287, -3.936e-8
-0.286, -3.294e-8
-0.285, -2.548e-8
-0.284, -1.943e-8
-0.283, -1.169e-8
-0.282, -5.640e-9
-0.281, 1.858e-9
-0.280, 8.133e-9
-0.279, 1.567e-8
-0.278, 2.164e-8
-0.277, 2.918e-8
-0.276, 3.529e-8
-0.275, 4.292e-8
-0.274, 4.886e-8
-0.273, 5.654e-8
-0.272, 6.241e-8
-0.271, 6.984e-8
-0.270, 7.605e-8
-0.269, 8.342e-8
-0.268, 8.938e-8
-0.267, 9.708e-8
-0.266, 1.030e-7
-0.265, 1.103e-7
-0.264, 1.164e-7
-0.263, 1.238e-7
-0.262, 1.297e-7
-0.261, 1.372e-7
-0.260, 1.433e-7
-0.259, 1.505e-7
-0.258, 1.564e-7
-0.257, 1.640e-7
-0.256, 1.699e-7
-0.255, 1.772e-7
-0.254, 1.833e-7
-0.253, 1.906e-7
-0.252, 1.963e-7
-0.251, 2.039e-7
-0.250, 2.098e-7
-0.249, 2.170e-7
-0.248, 2.229e-7
-0.247, 2.303e-7
-0.246, 2.361e-7
-0.245, 2.435e-7
-0.244, 2.494e-7
-0.243, 2.566e-7
-0.242, 2.624e-7
-0.241, 2.700e-7
-0.240, 2.756e-7
-0.239, 2.829e-7
-0.238, 2.888e-7
-0.237, 2.960e-7
-0.236, 3.018e-7
-0.235, 3.093e-7
-0.234, 3.149e-7
-0.233, 3.220e-7
-0.232, 3.280e-7
-0.231, 3.352e-7
-0.230, 3.409e-7
-0.229, 3.481e-7
-0.228, 3.541e-7
-0.227, 3.611e-7
-0.226, 3.668e-7
-0.225, 3.742e-7
-0.224, 3.799e-7
-0.223, 3.869e-7
-0.222, 3.930e-7
-0.221, 4.001e-7
-0.220, 4.057e-7
-0.219, 4.131e-7
-0.218, 4.187e-7
-0.217, 4.259e-7
-0.216, 4.316e-7
-0.215, 4.388e-7
-0.214, 4.443e-7
-0.213, 4.516e-7
-0.212, 4.573e-7
-0.211, 4.645e-7
-0.210, 4.701e-7
-0.209, 4.774e-7
-0.208, 4.830e-7
-0.207, 4.900e-7
-0.206, 4.959e-7
-0.205, 5.028e-7
-0.204, 5.085e-7
-0.203, 5.159e-7
-0.202, 5.216e-7
-0.201, 5.285e-7
-0.200, 5.343e-7
-0.199, 5.415e-7
-0.198, 5.471e-7
-0.197, 5.542e-7
-0.196, 5.600e-7
-0.195, 5.669e-7
-0.194, 5.726e-7
-0.193, 5.799e-7
-0.192, 5.855e-7
-0.191, 5.925e-7
-0.190, 5.985e-7
-0.189, 6.055e-7
-0.188, 6.110e-7
-0.187, 6.184e-7
-0.186, 6.240e-7
-0.185, 6.311e-7
-0.184, 6.368e-7
-0.183, 6.439e-7
-0.182, 6.494e-7
-0.181, 6.566e-7
-0.180, 6.623e-7
-0.179, 6.692e-7
-0.178, 6.748e-7
-0.177, 6.820e-7
-0.176, 6.876e-7
-0.175, 6.945e-7
-0.174, 7.003e-7
-0.173, 7.071e-7
-0.172, 7.126e-7
-0.171, 7.196e-7
-0.170, 7.250e-7
-0.169, 7.316e-7
-0.168, 7.369e-7
-0.167, 7.434e-7
-0.166, 7.483e-7
-0.165, 7.546e-7
-0.164, 7.594e-7
-0.163, 7.651e-7
-0.162, 7.694e-7
-0.161, 7.752e-7
-0.160, 7.791e-7
-0.159, 7.844e-7
-0.158, 7.884e-7
-0.157, 7.934e-7
-0.156, 7.968e-7
-0.155, 8.020e-7
-0.154, 8.054e-7
-0.153, 8.102e-7
-0.152, 8.138e-7
-0.151, 8.188e-7
-0.150, 8.222e-7
-0.149, 8.272e-7
-0.148, 8.308e-7
-0.147, 8.358e-7
-0.146, 8.391e-7
-0.145, 8.440e-7
-0.144, 8.474e-7
-0.143, 8.523e-7
-0.142, 8.561e-7
-0.141, 8.611e-7
-0.140, 8.647e-7
-0.139, 8.701e-7
-0.138, 8.739e-7
-0.137, 8.791e-7
-0.136, 8.833e-7
-0.135, 8.887e-7
-0.134, 8.929e-7
-0.133, 8.985e-7
-0.132, 9.028e-7
-0.131, 9.084e-7
-0.130, 9.125e-7
-0.129, 9.184e-7
-0.128, 9.225e-7
-0.127, 9.281e-7
-0.126, 9.326e-7
-0.125, 9.382e-7
-0.124, 9.424e-7
-0.123, 9.485e-7
-0.122, 9.527e-7
-0.121, 9.583e-7
-0.120, 9.629e-7
-0.119, 9.686e-7
-0.118, 9.727e-7
-0.117, 9.785e-7
-0.116, 9.828e-7
-0.115, 9.886e-7
-0.114, 9.930e-7
-0.113, 9.987e-7
-0.112, 1.003e-6
-0.111, 1.009e-6
-0.110, 1.013e-6
-0.109, 1.019e-6
-0.108, 1.023e-6
-0.107, 1.029e-6
-0.106, 1.033e-6
-0.105, 1.038e-6
-0.104, 1.043e-6
-0.103, 1.048e-6
-0.102, 1.052e-6
-0.101, 1.058e-6
-0.100, 1.062e-6
-0.099, 1.068e-6
-0.098, 1.072e-6
-0.097, 1.078e-6
-0.096, 1.082e-6
-0.095, 1.087e-6
-0.094, 1.092e-6
-0.093, 1.097e-6
-0.092, 1.101e-6
-0.091, 1.107e-6
-0.090, 1.111e-6
-0.089, 1.116e-6
-0.088, 1.120e-6
-0.087, 1.126e-6
-0.086, 1.130e-6
-0.085, 1.135e-6
-0.084, 1.139e-6
-0.083, 1.145e-6
-0.082, 1.149e-6
-0.081, 1.154e-6
-0.080, 1.158e-6
-0.079, 1.164e-6
-0.078, 1.168e-6
-0.077, 1.173e-6
-0.076, 1.177e-6
-0.075, 1.183e-6
-0.074, 1.186e-6
-0.073, 1.192e-6
-0.072, 1.196e-6
-0.071, 1.201e-6
-0.070, 1.205e-6
-0.069, 1.210e-6
-0.068, 1.214e-6
-0.067, 1.219e-6
-0.066, 1.223e-6
-0.065, 1.228e-6
-0.064, 1.232e-6
-0.063, 1.237e-6
-0.062, 1.241e-6
-0.061, 1.247e-6
-0.060, 1.250e-6
-0.059, 1.256e-6
-0.058, 1.259e-6
-0.057, 1.264e-6
-0.056, 1.268e-6
-0.055, 1.273e-6
-0.054, 1.277e-6
-0.053, 1.282e-6
-0.052, 1.286e-6
-0.051, 1.291e-6
-0.050, 1.295e-6
-0.049, 1.300e-6
-0.048, 1.303e-6
-0.047, 1.308e-6
-0.046, 1.312e-6
-0.045, 1.317e-6
-0.044, 1.320e-6
-0.043, 1.326e-6
-0.042, 1.329e-6
-0.041, 1.334e-6
-0.040, 1.338e-6
-0.039, 1.343e-6
-0.038, 1.346e-6
-0.037, 1.351e-6
-0.036, 1.355e-6
-0.035, 1.360e-6
-0.034, 1.363e-6
-0.033, 1.368e-6
-0.032, 1.371e-6
-0.031, 1.376e-6
-0.030, 1.380e-6
-0.029, 1.385e-6
-0.028, 1.388e-6
-0.027, 1.393e-6
-0.026, 1.396e-6
-0.025, 1.401e-6
-0.024, 1.405e-6
-0.023, 1.409e-6
-0.022, 1.412e-6
-0.021, 1.417e-6
-0.020, 1.421e-6
-0.019, 1.425e-6
-0.018, 1.429e-6
-0.017, 1.434e-6
-0.016, 1.437e-6
-0.015, 1.441e-6
-0.014, 1.445e-6
-0.013, 1.449e-6
-0.012, 1.453e-6
-0.011, 1.457e-6
-0.010, 1.460e-6
-0.009, 1.465e-6
-0.008, 1.468e-6
-0.007, 1.473e-6
-0.006, 1.476e-6
-0.005, 1.480e-6
-0.004, 1.484e-6
-0.003, 1.488e-6
-0.002, 1.491e-6
-0.001, 1.496e-6
