0.200, 4.781e-7
0.199, 4.647e-7
0.198, 4.561e-7
0.197, 4.475e-7
0.196, 4.408e-7
0.195, 4.333e-7
0.194, 4.277e-7
0.193, 4.206e-7
0.192, 4.148e-7
0.191, 4.078e-7
0.190, 4.028e-7
0.189, 3.962e-7
0.188, 3.911e-7
0.187, 3.838e-7
0.186, 3.792e-7
0.185, 3.728e-7
0.184, 3.678e-7
0.183, 3.611e-7
0.182, 3.568e-7
0.181, 3.506e-7
0.180, 3.461e-7
0.179, 3.399e-7
0.178, 3.349e-7
0.177, 3.286e-7
0.176, 3.242e-7
0.175, 3.184e-7
0.174, 3.133e-7
0.173, 3.077e-7
0.172, 3.034e-7
0.171, 2.973e-7
0.170, 2.930e-7
0.169, 2.870e-7
0.168, 2.823e-7
0.167, 2.766e-7
0.166, 2.723e-7
0.165, 2.662e-7
0.164, 2.619e-7
0.163, 2.564e-7
0.162, 2.524e-7
0.161, 2.468e-7
0.160, 2.426e-7
0.159, 2.368e-7
0.158, 2.326e-7
0.157, 2.266e-7
0.156, 2.225e-7
0.155, 2.163e-7
0.154, 2.124e-7
0.153, 2.072e-7
0.152, 2.029e-7
0.151, 1.977e-7
0.150, 1.936e-7
0.149, 1.880e-7
0.148, 1.841e-7
0.147, 1.786e-7
0.146, 1.742e-7
0.145, 1.681e-7
0.144, 1.642e-7
0.143, 1.591e-7
0.142, 1.550e-7
0.141, 1.495e-7
0.140, 1.455e-7
0.139, 1.395e-7
0.138, 1.360e-7
0.137, 1.307e-7
0.136, 1.264e-7
0.135, 1.204e-7
0.134, 1.164e-7
0.133, 1.112e-7
0.132, 1.073e-7
0.131, 1.021e-7
0.130, 9.803e-8
0.129, 9.235e-8
0.128, 8.861e-8
0.127, 8.350e-8
0.126, 7.930e-8
0.125, 7.402e-8
0.124, 6.963e-8
0.123, 6.402e-8
0.122, 6.054e-8
0.121, 5.521e-8
0.120, 5.118e-8
0.119, 4.585e-8
0.118, 4.197e-8
0.117, 3.668e-8
0.116, 3.284e-8
0.115, 2.744e-8
0.114, 2.344e-8
0.113, 1.765e-8
0.112, 1.421e-8
0.111, 8.604e-9
0.110, 4.387e-9
0.109, -7.806e-10
0.108, -4.958e-9
0.107, -1.057e-8
0.106, -1.435e-8
0.105, -1.961e-8
0.104, -2.379e-8
0.103, -2.940e-8
0.102, -3.278e-8
0.101, -3.826e-8
0.100, -4.233e-8
0.099, -4.780e-8
0.098, -5.191e-8
0.097, -5.761e-8
0.096, -6.137e-8
0.095, -6.666e-8
0.094, -7.073e-8
0.093, -7.624e-8
0.092, -8.043e-8
0.091, -8.551e-8
0.090, -8.936e-8
0.089, -9.506e-8
0.088, -9.934e-8
0.087, -1.050e-7
0.086, -1.086e-7
0.085, -1.141e-7
0.084, -1.182e-7
0.083, -1.239e-7
0.082, -1.282e-7
0.081, -1.334e-7
0.080, -1.372e-7
0.079, -1.428e-7
0.078, -1.471e-7
0.077, -1.529e-7
0.076, -1.567e-7
0.075, -1.622e-7
0.074, -1.662e-7
0.073, -1.717e-7
0.072, -1.765e-7
0.071, -1.817e-7
0.070, -1.855e-7
0.069, -1.913e-7
0.068, -1.953e-7
0.067, -2.013e-7
0.066, -2.056e-7
0.065, -2.111e-7
0.064, -2.151e-7
0.063, -2.206e-7
0.062, -2.254e-7
0.061, -2.307e-7
0.060, -2.345e-7
0.059, -2.403e-7
0.058, -2.443e-7
0.057, -2.503e-7
0.056, -2.548e-7
0.055, -2.604e-7
0.054, -2.645e-7
0.053, -2.703e-7
0.052, -2.749e-7
0.051, -2.803e-7
0.050, -2.846e-7
0.049, -2.903e-7
0.048, -2.943e-7
0.047, -3.003e-7
0.046, -3.050e-7
0.045, -3.108e-7
0.044, -3.149e-7
0.043, -3.211e-7
0.042, -3.256e-7
0.041, -3.310e-7
0.040, -3.353e-7
0.039, -3.407e-7
0.038, -3.451e-7
0.037, -3.515e-7
0.036, -3.560e-7
0.035, -3.616e-7
0.034, -3.660e-7
0.033, -3.724e-7
0.032, -3.766e-7
0.031, -3.820e-7
0.030, -3.867e-7
0.029, -3.924e-7
0.028, -3.970e-7
0.027, -4.033e-7
0.026, -4.077e-7
0.025, -4.137e-7
0.024, -4.185e-7
0.023, -4.245e-7
0.022, -4.286e-7
0.021, -4.349e-7
0.020, -4.394e-7
0.019, -4.455e-7
0.018, -4.500e-7
0.017, -4.565e-7
0.016, -4.609e-7
0.015, -4.671e-7
0.014, -4.723e-7
0.013, -4.778e-7
0.012, -4.823e-7
0.011, -4.883e-7
0.010, -4.930e-7
0.009, -4.990e-7
0.008, -5.038e-7
0.007, -5.102e-7
0.006, -5.150e-7
0.005, -5.216e-7
0.004, -5.260e-7
0.003, -5.320e-7
0.002, -5.370e-7
0.001, -5.433e-7
-0.000, -5.476e-7
-0.001, -5.536e-7
-0.002, -5.587e-7
-0.003, -5.652e-7
-0.004, -5.704e-7
-0.005, -5.766e-7
-0.006, -5.813e-7
-0.007, -5.874e-7
-0.008, -5.929e-7
-0.009, -5.990e-7
-0.010, -6.038e-7
-0.011, -6.102e-7
-0.012, -6.157e-7
-0.013, -6.221e-7
-0.014, -6.268e-7
-0.015, -6.333e-7
-0.016, -6.382e-7
-0.017, -6.448e-7
-0.018, -6.498e-7
-0.019, -6.561e-7
-0.020, -6.609e-7
-0.021, -6.680e-7
-0.022, -6.729e-7
-0.023, -6.793e-7
-0.024, -6.844e-7
-0.025, -6.911e-7
-0.026, -6.962e-7
-0.027, -7.027e-7
-0.028, -7.077e-7
-0.029, -7.146e-7
-0.030, -7.197e-7
-0.031, -7.265e-7
-0.032, -7.315e-7
-0.033, -7.377e-7
-0.034, -7.432e-7
-0.035, -7.496e-7
-0.036, -7.548e-7
-0.037, -7.620e-7
-0.038, -7.673e-7
-0.039, -7.734e-7
-0.040, -7.790e-7
-0.041, -7.860e-7
-0.042, -7.914e-7
-0.043, -7.979e-7
-0.044, -8.031e-7
-0.045, -8.100e-7
-0.046, -8.155e-7
-0.047, -8.217e-7
-0.048, -8.270e-7
-0.049, -8.340e-7
-0.050, -8.400e-7
-0.051, -8.464e-7
-0.052, -8.518e-7
-0.053, -8.591e-7
-0.054, -8.648e-7
-0.055, -8.709e-7
-0.056, -8.767e-7
-0.057, -8.836e-7
-0.058, -8.895e-7
-0.059, -8.963e-7
-0.060, -9.018e-7
-0.061, -9.088e-7
-0.062, -9.146e-7
-0.063, -9.212e-7
-0.064, -9.267e-7
-0.065, -9.337e-7
-0.066, -9.397e-7
-0.067, -9.466e-7
-0.068, -9.522e-7
-0.069, -9.597e-7
-0.070, -9.652e-7
-0.071, -9.718e-7
-0.072, -9.776e-7
-0.073, -9.848e-7
-0.074, -9.906e-7
-0.075, -9.979e-7
-0.076, -1.004e-6
-0.077, -1.011e-6
-0.078, -1.016e-6
-0.079, -1.024e-6
-0.080, -1.029e-6
-0.081, -1.037e-6
-0.082, -1.043e-6
-0.083, -1.050e-6
-0.084, -1.056e-6
-0.085, -1.063e-6
-0.086, -1.069e-6
-0.087, -1.076e-6
-0.088, -1.082e-6
-0.089, -1.089e-6
-0.090, -1.095e-6
-0.091, -1.103e-6
-0.092, -1.109e-6
-0.093, -1.116e-6
-0.094, -1.122e-6
-0.095, -1.129e-6
-0.096, -1.135e-6
-0.097, -1.142e-6
-0.098, -1.148e-6
-0.099, -1.156e-6
-0.100, -1.162e-6
-0.101, -1.170e-6
-0.102, -1.175e-6
-0.103, -1.183e-6
-0.104, -1.189e-6
-0.105, -1.196e-6
-0.106, -1.202e-6
-0.107, -1.210e-6
-0.108, -1.216e-6
-0.109, -1.224e-6
-0.110, -1.230e-6
-0.111, -1.237e-6
-0.112, -1.243e-6
-0.113, -1.251e-6
-0.114, -1.258e-6
-0.115, -1.265e-6
-0.116, -1.271e-6
-0.117, -1.279e-6
-0.118, -1.285e-6
-0.119, -1.293e-6
-0.120, -1.299e-6
-0.121, -1.307e-6
-0.122, -1.313e-6
-0.123, -1.321e-6
-0.124, -1.327e-6
-0.125, -1.334e-6
-0.126, -1.341e-6
-0.127, -1.349e-6
-0.128, -1.355e-6
-0.129, -1.362e-6
-0.130, -1.369e-6
-0.131, -1.377e-6
-0.132, -1.383e-6
-0.133, -1.391e-6
-0.134, -1.397e-6
-0.135, -1.405e-6
-0.136, -1.411e-6
-0.137, -1.419e-6
-0.138, -1.426e-6
-0.139, -1.433e-6
-0.140, -1.440e-6
-0.141, -1.448e-6
-0.142, -1.454e-6
-0.143, -1.462e-6
-0.144, -1.468e-6
-0.145, -1.477e-6
-0.146, -1.483e-6
-0.147, -1.491e-6
-0.148, -1.498e-6
-0.149, -1.506e-6
-0.150, -1.512e-6
-0.151, -1.519e-6
-0.152, -1.526e-6
-0.153, -1.534e-6
-0.154, -1.541e-6
-0.155, -1.549e-6
-0.156, -1.555e-6
-0.157, -1.563e-6
-0.158, -1.570e-6
-0.159, -1.578e-6
-0.160, -1.584e-6
-0.161, -1.592e-6
-0.162, -1.600e-6
-0.163, -1.607e-6
-0.164, -1.614e-6
-0.165, -1.622e-6
-0.166, -1.629e-6
-0.167, -1.637e-6
-0.168, -1.644e-6
-0.169, -1.652e-6
-0.170, -1.658e-6
-0.171, -1.666e-6
-0.172, -1.673e-6
-0.173, -1.681e-6
-0.174, -1.688e-6
-0.175, -1.697e-6
-0.176, -1.703e-6
-0.177, -1.711e-6
-0.178, -1.718e-6
-0.179, -1.726e-6
-0.180, -1.732e-6
-0.181, -1.741e-6
-0.182, -1.748e-6
-0.183, -1.756e-6
-0.184, -1.763e-6
-0.185, -1.771e-6
-0.186, -1.778e-6
-0.187, -1.786e-6
-0.188, -1.793e-6
-0.189, -1.801e-6
-0.190, -1.808e-6
-0.191, -1.816e-6
-0.192, -1.823e-6
-0.193, -1.831e-6
-0.194, -1.838e-6
-0.195, -1.847e-6
-0.196, -1.853e-6
-0.197, -1.862e-6
-0.198, -1.869e-6
-0.199, -1.877e-6
-0.200, -1.884e-6
-0.201, -1.893e-6
-0.202, -1.899e-6
-0.203, -1.908e-6
-0.204, -1.915e-6
-0.205, -1.924e-6
-0.206, -1.931e-6
-0.207, -1.939e-6
-0.208, -1.946e-6
-0.209, -1.954e-6
-0.210, -1.961e-6
-0.211, -1.970e-6
-0.212, -1.977e-6
-0.213, -1.986e-6
-0.214, -1.993e-6
-0.215, -2.001e-6
-0.216, -2.008e-6
-0.217, -2.016e-6
-0.218, -2.023e-6
-0.219, -2.032e-6
-0.220, -2.039e-6
-0.221, -2.047e-6
-0.222, -2.054e-6
-0.223, -2.063e-6
-0.224, -2.070e-6
-0.225, -2.078e-6
-0.226, -2.086e-6
-0.227, -2.094e-6
-0.228, -2.101e-6
-0.229, -2.109e-6
-0.230, -2.116e-6
-0.231, -2.125e-6
-0.232, -2.132e-6
-0.233, -2.141e-6
-0.234, -2.148e-6
-0.235, -2.156e-6
-0.236, -2.164e-6
-0.237, -2.172e-6
-0.238, -2.179e-6
-0.239, -2.188e-6
-0.240, -2.195e-6
-0.241, -2.203e-6
-0.242, -2.211e-6
-0.243, -2.219e-6
-0.244, -2.226e-6
-0.245, -2.235e-6
-0.246, -2.242e-6
-0.247, -2.251e-6
-0.248, -2.258e-6
-0.249, -2.267e-6
-0.250, -2.274e-6
-0.251, -2.282e-6
-0.252, -2.290e-6
-0.253, -2.298e-6
-0.254, -2.305e-6
-0.255, -2.314e-6
-0.256, -2.321e-6
-0.257, -2.330e-6
-0.258, -2.337e-6
-0.259, -2.345e-6
-0.260, -2.353e-6
-0.261, -2.362e-6
-0.262, -2.369e-6
-0.263, -2.377e-6
-0.264, -2.385e-6
-0.265, -2.393e-6
-0.266, -2.400e-6
-0.267, -2.409e-6
-0.268, -2.416e-6
-0.269, -2.425e-6
-0.270, -2.433e-6
-0.271, -2.441e-6
-0.272, -2.448e-6
-0.273, -2.457e-6
-0.274, -2.465e-6
-0.275, -2.473e-6
-0.276, -2.481e-6
-0.277, -2.489e-6
-0.278, -2.496e-6
-0.279, -2.504e-6
-0.280, -2.512e-6
-0.281, -2.521e-6
-0.282, -2.528e-6
-0.283, -2.537e-6
-0.284, -2.544e-6
-0.285, -2.553e-6
-0.286, -2.560e-6
-0.287, -2.569e-6
-0.288, -2.576e-6
-0.289, -2.585e-6
-0.290, -2.593e-6
-0.291, -2.601e-6
-0.292, -2.608e-6
-0.293, -2.617e-6
-0.294, -2.625e-6
-0.295, -2.633e-6
-0.296, -2.641e-6
-0.297, -2.649e-6
-0.298, -2.657e-6
-0.299, -2.666e-6
-0.300, -2.673e-6
-0.301, -2.682e-6
-0.302, -2.689e-6
-0.303, -2.698e-6
-0.304, -2.705e-6
-0.305, -2.714e-6
-0.306, -2.721e-6
-0.307, -2.730e-6
-0.308, -2.737e-6
-0.309, -2.746e-6
-0.310, -2.754e-6
-0.311, -2.762e-6
-0.312, -2.769e-6
-0.313, -2.779e-6
-0.314, -2.786e-6
-0.315, -2.795e-6
-0.316, -2.802e-6
-0.317, -2.811e-6
-0.318, -2.818e-6
-0.319, -2.827e-6
-0.320, -2.834e-6
-0.321, -2.843e-6
-0.322, -2.851e-6
-0.323, -2.859e-6
-0.324, -2.867e-6
-0.325, -2.876e-6
-0.326, -2.883e-6
-0.327, -2.892e-6
-0.328, -2.900e-6
-0.329, -2.908e-6
-0.330, -2.916e-6
-0.331, -2.925e-6
-0.332, -2.932e-6
-0.333, -2.941e-6
-0.334, -2.948e-6
-0.335, -2.957e-6
-0.336, -2.964e-6
-0.337, -2.973e-6
-0.338, -2.980e-6
-0.339, -2.989e-6
-0.340, -2.997e-6
-0.341, -3.006e-6
-0.342, -3.013e-6
-0.343, -3.022e-6
-0.344, -3.029e-6
-0.345, -3.038e-6
-0.346, -3.046e-6
-0.347, -3.055e-6
-0.348, -3.062e-6
-0.349, -3.071e-6
-0.350, -3.078e-6
-0.351, -3.087e-6
-0.352, -3.094e-6
-0.353, -3.103e-6
-0.354, -3.111e-6
-0.355, -3.120e-6
-0.356, -3.127e-6
-0.357, -3.135e-6
-0.358, -3.143e-6
-0.359, -3.152e-6
-0.360, -3.160e-6
-0.361, -3.168e-6
-0.362, -3.176e-6
-0.363, -3.184e-6
-0.364, -3.192e-6
-0.365, -3.201e-6
-0.366, -3.209e-6
-0.367, -3.218e-6
-0.368, -3.225e-6
-0.369, -3.234e-6
-0.370, -3.241e-6
-0.371, -3.250e-6
-0.372, -3.257e-6
-0.373, -3.267e-6
-0.374, -3.274e-6
-0.375, -3.282e-6
-0.376, -3.290e-6
-0.377, -3.299e-6
-0.378, -3.306e-6
-0.379, -3.316e-6
-0.380, -3.323e-6
-0.381, -3.331e-6
-0.382, -3.339e-6
-0.383, -3.348e-6
-0.384, -3.355e-6
-0.385, -3.364e-6
-0.386, -3.372e-6
-0.387, -3.381e-6
-0.388, -3.388e-6
-0.389, -3.397e-6
-0.390, -3.405e-6
-0.391, -3.414e-6
-0.392, -3.421e-6
-0.393, -3.430e-6
-0.394, -3.438e-6
-0.395, -3.447e-6
-0.396, -3.454e-6
-0.397, -3.463e-6
-0.398, -3.470e-6
-0.399, -3.480e-6
-0.400, -3.487e-6
-0.401, -3.496e-6
-0.402, -3.504e-6
-0.403, -3.513e-6
-0.404, -3.520e-6
-0.405, -3.529e-6
-0.406, -3.536e-6
-0.407, -3.545e-6
-0.408, -3.553e-6
-0.409, -3.562e-6
-0.410, -3.569e-6
-0.411, -3.578e-6
-0.412, -3.586e-6
-0.413, -3.594e-6
-0.414, -3.602e-6
-0.415, -3.611e-6
-0.416, -3.619e-6
-0.417, -3.627e-6
-0.418, -3.635e-6
-0.419, -3.643e-6
-0.420, -3.651e-6
-0.421, -3.660e-6
-0.422, -3.668e-6
-0.423, -3.677e-6
-0.424, -3.684e-6
-0.425, -3.693e-6
-0.426, -3.700e-6
-0.427, -3.709e-6
-0.428, -3.717e-6
-0.429, -3.726e-6
-0.430, -3.734e-6
-0.431, -3.743e-6
-0.432, -3.750e-6
-0.433, -3.759e-6
-0.434, -3.767e-6
-0.435, -3.776e-6
-0.436, -3.784e-6
-0.437, -3.792e-6
-0.438, -3.800e-6
-0.439, -3.808e-6
-0.440, -3.816e-6
-0.441, -3.825e-6
-0.442, -3.833e-6
-0.443, -3.842e-6
-0.444, -3.850e-6
-0.445, -3.858e-6
-0.446, -3.866e-6
-0.447, -3.874e-6
-0.448, -3.882e-6
-0.449, -3.891e-6
-0.450, -3.899e-6
-0.451, -3.908e-6
-0.452, -3.915e-6
-0.453, -3.925e-6
-0.454, -3.933e-6
-0.455, -3.941e-6
-0.456, -3.949e-6
-0.457, -3.958e-6
-0.458, -3.965e-6
-0.459, -3.974e-6
-0.460, -3.982e-6
-0.461, -3.991e-6
-0.462, -3.999e-6
-0.463, -4.008e-6
-0.464, -4.016e-6
-0.465, -4.025e-6
-0.466, -4.033e-6
-0.467, -4.042e-6
-0.468, -4.050e-6
-0.469, -4.059e-6
-0.470, -4.067e-6
-0.471, -4.075e-6
-0.472, -4.083e-6
-0.473, -4.093e-6
-0.474, -4.101e-6
-0.475, -4.109e-6
-0.476, -4.117e-6
-0.477, -4.126e-6
-0.478, -4.134e-6
-0.479, -4.143e-6
-0.480, -4.152e-6
-0.481, -4.160e-6
-0.482, -4.169e-6
-0.483, -4.178e-6
-0.484, -4.185e-6
-0.485, -4.195e-6
-0.486, -4.204e-6
-0.487, -4.212e-6
-0.488, -4.220e-6
-0.489, -4.229e-6
-0.490, -4.237e-6
-0.491, -4.247e-6
-0.492, -4.255e-6
-0.493, -4.265e-6
-0.494, -4.273e-6
-0.495, -4.282e-6
-0.496, -4.290e-6
-0.497, -4.300e-6
-0.498, -4.308e-6
-0.499, -4.318e-6
-0.500, -4.326e-6
-0.501, -4.336e-6
-0.502, -4.344e-6
-0.503, -4.353e-6
-0.504, -4.362e-6
-0.505, -4.372e-6
-0.506, -4.381e-6
-0.507, -4.391e-6
-0.508, -4.399e-6
-0.509, -4.409e-6
-0.510, -4.418e-6
-0.511, -4.428e-6
-0.512, -4.436e-6
-0.513, -4.446e-6
-0.514, -4.455e-6
-0.515, -4.465e-6
-0.516, -4.474e-6
-0.517, -4.484e-6
-0.518, -4.494e-6
-0.519, -4.504e-6
-0.520, -4.513e-6
-0.521, -4.524e-6
-0.522, -4.533e-6
-0.523, -4.544e-6
-0.524, -4.552e-6
-0.525, -4.563e-6
-0.526, -4.573e-6
-0.527, -4.583e-6
-0.528, -4.593e-6
-0.529, -4.604e-6
-0.530, -4.614e-6
-0.531, -4.625e-6
-0.532, -4.635e-6
-0.533, -4.646e-6
-0.534, -4.656e-6
-0.535, -4.667e-6
-0.536, -4.677e-6
-0.537, -4.689e-6
-0.538, -4.699e-6
-0.539, -4.710e-6
-0.540, -4.720e-6
-0.541, -4.732e-6
-0.542, -4.743e-6
-0.543, -4.754e-6
-0.544, -4.765e-6
-0.545, -4.777e-6
-0.546, -4.788e-6
-0.547, -4.800e-6
-0.548, -4.811e-6
-0.549, -4.823e-6
-0.550, -4.834e-6
-0.551, -4.846e-6
-0.552, -4.857e-6
-0.553, -4.869e-6
-0.554, -4.880e-6
-0.555, -4.893e-6
-0.556, -4.904e-6
-0.557, -4.917e-6
-0.558, -4.928e-6
-0.559, -4.941e-6
-0.560, -4.952e-6
-0.561, -4.964e-6
-0.562, -4.976e-6
-0.563, -4.988e-6
-0.564, -5.000e-6
-0.565, -5.012e-6
-0.566, -5.024e-6
-0.567, -5.036e-6
-0.568, -5.047e-6
-0.569, -5.060e-6
-0.570, -5.072e-6
-0.571, -5.084e-6
-0.572, -5.096e-6
-0.573, -5.108e-6
-0.574, -5.119e-6
-0.575, -5.132e-6
-0.576, -5.142e-6
-0.577, -5.155e-6
-0.578, -5.166e-6
-0.579, -5.178e-6
-0.580, -5.189e-6
-0.581, -5.201e-6
-0.582, -5.212e-6
-0.583, -5.224e-6
-0.584, -5.235e-6
-0.585, -5.247e-6
-0.586, -5.257e-6
-0.587, -5.268e-6
-0.588, -5.279e-6
-0.589, -5.291e-6
-0.590, -5.301e-6
-0.591, -5.313e-6
-0.592, -5.324e-6
-0.593, -5.335e-6
-0.594, -5.345e-6
-0.595, -5.356e-6
-0.596, -5.366e-6
-0.597, -5.377e-6
-0.598, -5.387e-6
-0.599, -5.398e-6
-0.600, -5.408e-6
-0.601, -5.419e-6
-0.602, -5.429e-6
-0.603, -5.439e-6
-0.604, -5.449e-6
-0.605, -5.459e-6
-0.606, -5.468e-6
-0.607, -5.479e-6
-0.608, -5.488e-6
-0.609, -5.498e-6
-0.610, -5.508e-6
-0.611, -5.518e-6
-0.612, -5.526e-6
-0.613, -5.536e-6
-0.614, -5.545e-6
-0.615, -5.555e-6
-0.616, -5.564e-6
-0.617, -5.574e-6
-0.618, -5.582e-6
-0.619, -5.592e-6
-0.620, -5.600e-6
-0.621, -5.610e-6
-0.622, -5.619e-6
-0.623, -5.628e-6
-0.624, -5.636e-6
-0.625, -5.645e-6
-0.626, -5.653e-6
-0.627, -5.663e-6
-0.628, -5.671e-6
-0.629, -5.680e-6
-0.630, -5.687e-6
-0.631, -5.696e-6
-0.632, -5.704e-6
-0.633, -5.713e-6
-0.634, -5.721e-6
-0.635, -5.729e-6
-0.636, -5.737e-6
-0.637, -5.746e-6
-0.638, -5.753e-6
-0.639, -5.762e-6
-0.640, -5.770e-6
-0.641, -5.778e-6
-0.642, -5.785e-6
-0.643, -5.794e-6
-0.644, -5.800e-6
-0.645, -5.809e-6
-0.646, -5.816e-6
-0.647, -5.824e-6
-0.648, -5.831e-6
-0.649, -5.840e-6
-0.650, -5.846e-6
-0.651, -5.854e-6
-0.652, -5.862e-6
-0.653, -5.870e-6
-0.654, -5.877e-6
-0.655, -5.885e-6
-0.656, -5.891e-6
-0.657, -5.899e-6
-0.658, -5.906e-6
-0.659, -5.914e-6
-0.660, -5.921e-6
-0.661, -5.928e-6
-0.662, -5.935e-6
-0.663, -5.943e-6
-0.664, -5.949e-6
-0.665, -5.957e-6
-0.666, -5.964e-6
-0.667, -5.971e-6
-0.668, -5.977e-6
-0.669, -5.985e-6
-0.670, -5.991e-6
-0.671, -5.999e-6
-0.672, -6.005e-6
-0.673, -6.013e-6
-0.674, -6.019e-6
-0.675, -6.026e-6
-0.676, -6.032e-6
-0.677, -6.040e-6
-0.678, -6.046e-6
-0.679, -6.053e-6
-0.680, -6.060e-6
-0.681, -6.067e-6
-0.682, -6.073e-6
-0.683, -6.080e-6
-0.684, -6.087e-6
-0.685, -6.094e-6
-0.686, -6.100e-6
-0.687, -6.108e-6
-0.688, -6.113e-6
-0.689, -6.120e-6
-0.690, -6.126e-6
-0.691, -6.133e-6
-0.692, -6.139e-6
-0.693, -6.147e-6
-0.694, -6.152e-6
-0.695, -6.160e-6
-0.696, -6.165e-6
-0.697, -6.173e-6
-0.698, -6.178e-6
-0.699, -6.185e-6
-0.700, -6.191e-6
-0.701, -6.198e-6
-0.702, -6.204e-6
-0.703, -6.212e-6
-0.704, -6.217e-6
-0.705, -6.224e-6
-0.706, -6.230e-6
-0.707, -6.237e-6
-0.708, -6.242e-6
-0.709, -6.249e-6
-0.710, -6.256e-6
-0.711, -6.262e-6
-0.712, -6.268e-6
-0.713, -6.275e-6
-0.714, -6.281e-6
-0.715, -6.287e-6
-0.716, -6.293e-6
-0.717, -6.299e-6
-0.718, -6.306e-6
-0.719, -6.312e-6
-0.720, -6.318e-6
-0.721, -6.324e-6
-0.722, -6.331e-6
-0.723, -6.337e-6
-0.724, -6.343e-6
-0.725, -6.350e-6
-0.726, -6.356e-6
-0.727, -6.363e-6
-0.728, -6.369e-6
-0.729, -6.375e-6
-0.730, -6.381e-6
-0.731, -6.388e-6
-0.732, -6.394e-6
-0.733, -6.400e-6
-0.734, -6.406e-6
-0.735, -6.413e-6
-0.736, -6.419e-6
-0.737, -6.426e-6
-0.738, -6.432e-6
-0.739, -6.438e-6
-0.740, -6.444e-6
-0.741, -6.451e-6
-0.742, -6.456e-6
-0.743, -6.463e-6
-0.744, -6.469e-6
-0.745, -6.476e-6
-0.746, -6.481e-6
-0.747, -6.488e-6
-0.748, -6.494e-6
-0.749, -6.501e-6
-0.750, -6.506e-6
-0.751, -6.513e-6
-0.752, -6.519e-6
-0.753, -6.526e-6
-0.754, -6.532e-6
-0.755, -6.538e-6
-0.756, -6.544e-6
-0.757, -6.552e-6
-0.758, -6.557e-6
-0.759, -6.563e-6
-0.760, -6.570e-6
-0.761, -6.577e-6
-0.762, -6.582e-6
-0.763, -6.589e-6
-0.764, -6.595e-6
-0.765, -6.602e-6
-0.766, -6.608e-6
-0.767, -6.615e-6
-0.768, -6.621e-6
-0.769, -6.628e-6
-0.770, -6.634e-6
-0.771, -6.641e-6
-0.772, -6.647e-6
-0.773, -6.654e-6
-0.774, -6.660e-6
-0.775, -6.667e-6
-0.776, -6.672e-6
-0.777, -6.680e-6
-0.778, -6.685e-6
-0.779, -6.692e-6
-0.780, -6.699e-6
-0.781, -6.705e-6
-0.782, -6.711e-6
-0.783, -6.718e-6
-0.784, -6.724e-6
-0.785, -6.731e-6
-0.786, -6.737e-6
-0.787, -6.744e-6
-0.788, -6.750e-6
-0.789, -6.757e-6
-0.790, -6.763e-6
-0.791, -6.770e-6
-0.792, -6.777e-6
-0.793, -6.784e-6
-0.794, -6.790e-6
-0.795, -6.797e-6
-0.796, -6.803e-6
-0.797, -6.810e-6
-0.798, -6.816e-6
-0.799, -6.823e-6
-0.800, -6.829e-6
-0.801, -6.837e-6
-0.802, -6.844e-6
-0.803, -6.850e-6
-0.804, -6.856e-6
-0.805, -6.864e-6
-0.806, -6.870e-6
-0.807, -6.877e-6
-0.808, -6.883e-6
-0.809, -6.891e-6
-0.810, -6.897e-6
-0.811, -6.904e-6
-0.812, -6.911e-6
-0.813, -6.919e-6
-0.814, -6.925e-6
-0.815, -6.932e-6
-0.816, -6.939e-6
-0.817, -6.947e-6
-0.818, -6.954e-6
-0.819, -6.961e-6
-0.820, -6.968e-6
-0.821, -6.976e-6
-0.822, -6.982e-6
-0.823, -6.990e-6
-0.824, -6.997e-6
-0.825, -7.005e-6
-0.826, -7.011e-6
-0.827, -7.019e-6
-0.828, -7.026e-6
-0.829, -7.033e-6
-0.830, -7.040e-6
-0.831, -7.048e-6
-0.832, -7.055e-6
-0.833, -7.063e-6
-0.834, -7.071e-6
-0.835, -7.079e-6
-0.836, -7.086e-6
-0.837, -7.094e-6
-0.838, -7.101e-6
-0.839, -7.109e-6
-0.840, -7.117e-6
-0.841, -7.125e-6
-0.842, -7.132e-6
-0.843, -7.141e-6
-0.844, -7.147e-6
-0.845, -7.156e-6
-0.846, -7.164e-6
-0.847, -7.172e-6
-0.848, -7.180e-6
-0.849, -7.189e-6
-0.850, -7.196e-6
-0.851, -7.204e-6
-0.852, -7.212e-6
-0.853, -7.221e-6
-0.854, -7.228e-6
-0.855, -7.237e-6
-0.856, -7.245e-6
-0.857, -7.255e-6
-0.858, -7.263e-6
-0.859, -7.272e-6
-0.860, -7.280e-6
-0.861, -7.290e-6
-0.862, -7.297e-6
-0.863, -7.307e-6
-0.864, -7.316e-6
-0.865, -7.325e-6
-0.866, -7.334e-6
-0.867, -7.343e-6
-0.868, -7.351e-6
-0.869, -7.361e-6
-0.870, -7.370e-6
-0.871, -7.380e-6
-0.872, -7.389e-6
-0.873, -7.399e-6
-0.874, -7.408e-6
-0.875, -7.418e-6
-0.876, -7.427e-6
-0.877, -7.438e-6
-0.878, -7.447e-6
-0.879, -7.458e-6
-0.880, -7.467e-6
-0.881, -7.478e-6
-0.882, -7.488e-6
-0.883, -7.498e-6
-0.884, -7.508e-6
-0.885, -7.519e-6
-0.886, -7.529e-6
-0.887, -7.540e-6
-0.888, -7.550e-6
-0.889, -7.561e-6
-0.890, -7.572e-6
-0.891, -7.583e-6
-0.892, -7.594e-6
-0.893, -7.606e-6
-0.894, -7.616e-6
-0.895, -7.628e-6
-0.896, -7.639e-6
-0.897, -7.651e-6
-0.898, -7.662e-6
-0.899, -7.674e-6
-0.900, -7.686e-6
-0.901, -7.699e-6
-0.902, -7.710e-6
-0.903, -7.723e-6
-0.904, -7.734e-6
-0.905, -7.748e-6
-0.906, -7.760e-6
-0.907, -7.773e-6
-0.908, -7.785e-6
-0.909, -7.798e-6
-0.910, -7.810e-6
-0.911, -7.824e-6
-0.912, -7.837e-6
-0.913, -7.852e-6
-0.914, -7.865e-6
-0.915, -7.879e-6
-0.916, -7.892e-6
-0.917, -7.907e-6
-0.918, -7.921e-6
-0.919, -7.935e-6
-0.920, -7.949e-6
-0.921, -7.964e-6
-0.922, -7.978e-6
-0.923, -7.993e-6
-0.924, -8.006e-6
-0.925, -8.022e-6
-0.926, -8.036e-6
-0.927, -8.052e-6
-0.928, -8.067e-6
-0.929, -8.084e-6
-0.930, -8.100e-6
-0.931, -8.116e-6
-0.932, -8.132e-6
-0.933, -8.149e-6
-0.934, -8.165e-6
-0.935, -8.182e-6
-0.936, -8.199e-6
-0.937, -8.217e-6
-0.938, -8.234e-6
-0.939, -8.252e-6
-0.940, -8.270e-6
-0.941, -8.287e-6
-0.942, -8.305e-6
-0.943, -8.324e-6
-0.944, -8.342e-6
-0.945, -8.361e-6
-0.946, -8.380e-6
-0.947, -8.399e-6
-0.948, -8.418e-6
-0.949, -8.438e-6
-0.950, -8.457e-6
-0.951, -8.478e-6
-0.952, -8.498e-6
-0.953, -8.519e-6
-0.954, -8.539e-6
-0.955, -8.560e-6
-0.956, -8.580e-6
-0.957, -8.601e-6
-0.958, -8.622e-6
-0.959, -8.645e-6
-0.960, -8.667e-6
-0.961, -8.690e-6
-0.962, -8.712e-6
-0.963, -8.735e-6
-0.964, -8.758e-6
-0.965, -8.782e-6
-0.966, -8.805e-6
-0.967, -8.829e-6
-0.968, -8.853e-6
-0.969, -8.877e-6
-0.970, -8.902e-6
-0.971, -8.927e-6
-0.972, -8.952e-6
-0.973, -8.978e-6
-0.974, -9.003e-6
-0.975, -9.029e-6
-0.976, -9.054e-6
-0.977, -9.081e-6
-0.978, -9.108e-6
-0.979, -9.135e-6
-0.980, -9.162e-6
-0.981, -9.190e-6
-0.982, -9.217e-6
-0.983, -9.246e-6
-0.984, -9.275e-6
-0.985, -9.304e-6
-0.986, -9.333e-6
-0.987, -9.363e-6
-0.988, -9.393e-6
-0.989, -9.423e-6
-0.990, -9.453e-6
-0.991, -9.485e-6
-0.992, -9.516e-6
-0.993, -9.548e-6
-0.994, -9.580e-6
-0.995, -9.612e-6
-0.996, -9.644e-6
-0.997, -9.678e-6
-0.998, -9.712e-6
-0.999, -9.745e-6
-1.000, -9.780e-6
-1.001, -9.814e-6
-1.002, -9.849e-6
-1.003, -9.884e-6
-1.004, -9.920e-6
-1.005, -9.956e-6
-1.006, -9.992e-6
-1.007, -1.003e-5
-1.008, -1.007e-5
-1.009, -1.010e-5
-1.010, -1.014e-5
-1.011, -1.018e-5
-1.012, -1.022e-5
-1.013, -1.026e-5
-1.014, -1.030e-5
-1.015, -1.034e-5
-1.016, -1.038e-5
-1.017, -1.042e-5
-1.018, -1.046e-5
-1.019, -1.050e-5
-1.020, -1.054e-5
-1.021, -1.059e-5
-1.022, -1.063e-5
-1.023, -1.067e-5
-1.024, -1.072e-5
-1.025, -1.076e-5
-1.026, -1.081e-5
-1.027, -1.085e-5
-1.028, -1.090e-5
-1.029, -1.095e-5
-1.030, -1.100e-5
-1.031, -1.105e-5
-1.032, -1.110e-5
-1.033, -1.114e-5
-1.034, -1.119e-5
-1.035, -1.123e-5
-1.036, -1.128e-5
-1.037, -1.134e-5
-1.038, -1.139e-5
-1.039, -1.144e-5
-1.040, -1.149e-5
-1.041, -1.153e-5
-1.042, -1.159e-5
-1.043, -1.164e-5
-1.044, -1.169e-5
-1.045, -1.175e-5
-1.046, -1.181e-5
-1.047, -1.186e-5
-1.048, -1.191e-5
-1.049, -1.197e-5
-1.050, -1.203e-5
-1.051, -1.209e-5
-1.052, -1.215e-5
-1.053, -1.221e-5
-1.054, -1.226e-5
-1.055, -1.232e-5
-1.056, -1.238e-5
-1.057, -1.244e-5
-1.058, -1.250e-5
-1.059, -1.256e-5
-1.060, -1.263e-5
-1.061, -1.269e-5
-1.062, -1.275e-5
-1.063, -1.282e-5
-1.064, -1.288e-5
-1.065, -1.295e-5
-1.066, -1.301e-5
-1.067, -1.308e-5
-1.068, -1.316e-5
-1.069, -1.323e-5
-1.070, -1.330e-5
-1.071, -1.336e-5
-1.072, -1.343e-5
-1.073, -1.350e-5
-1.074, -1.357e-5
-1.075, -1.364e-5
-1.076, -1.371e-5
-1.077, -1.379e-5
-1.078, -1.386e-5
-1.079, -1.393e-5
-1.080, -1.401e-5
-1.081, -1.408e-5
-1.082, -1.416e-5
-1.083, -1.424e-5
-1.084, -1.431e-5
-1.085, -1.439e-5
-1.086, -1.447e-5
-1.087, -1.455e-5
-1.088, -1.463e-5
-1.089, -1.471e-5
-1.090, -1.479e-5
-1.091, -1.488e-5
-1.092, -1.496e-5
-1.093, -1.504e-5
-1.094, -1.513e-5
-1.095, -1.521e-5
-1.096, -1.530e-5
-1.097, -1.538e-5
-1.098, -1.547e-5
-1.099, -1.556e-5
-1.100, -1.565e-5
-1.101, -1.573e-5
-1.102, -1.583e-5
-1.103, -1.592e-5
-1.104, -1.601e-5
-1.105, -1.610e-5
-1.106, -1.620e-5
-1.107, -1.629e-5
-1.108, -1.638e-5
-1.109, -1.648e-5
-1.110, -1.658e-5
-1.111, -1.667e-5
-1.112, -1.677e-5
-1.113, -1.687e-5
-1.114, -1.697e-5
-1.115, -1.708e-5
-1.116, -1.718e-5
-1.117, -1.728e-5
-1.118, -1.739e-5
-1.119, -1.750e-5
-1.120, -1.760e-5
-1.121, -1.771e-5
-1.122, -1.781e-5
-1.123, -1.792e-5
-1.124, -1.803e-5
-1.125, -1.814e-5
-1.126, -1.826e-5
-1.127, -1.836e-5
-1.128, -1.848e-5
-1.129, -1.860e-5
-1.130, -1.871e-5
-1.131, -1.883e-5
-1.132, -1.895e-5
-1.133, -1.907e-5
-1.134, -1.919e-5
-1.135, -1.931e-5
-1.136, -1.944e-5
-1.137, -1.956e-5
-1.138, -1.969e-5
-1.139, -1.981e-5
-1.140, -1.994e-5
-1.141, -2.007e-5
-1.142, -2.020e-5
-1.143, -2.033e-5
-1.144, -2.047e-5
-1.145, -2.060e-5
-1.146, -2.074e-5
-1.147, -2.088e-5
-1.148, -2.102e-5
-1.149, -2.116e-5
-1.150, -2.131e-5
-1.151, -2.145e-5
-1.152, -2.159e-5
-1.153, -2.174e-5
-1.154, -2.189e-5
-1.155, -2.203e-5
-1.156, -2.218e-5
-1.157, -2.234e-5
-1.158, -2.250e-5
-1.159, -2.265e-5
-1.160, -2.281e-5
-1.161, -2.296e-5
-1.162, -2.312e-5
-1.163, -2.328e-5
-1.164, -2.345e-5
-1.165, -2.362e-5
-1.166, -2.379e-5
-1.167, -2.396e-5
-1.168, -2.413e-5
-1.169, -2.430e-5
-1.170, -2.448e-5
-1.171, -2.465e-5
-1.172, -2.483e-5
-1.173, -2.501e-5
-1.174, -2.519e-5
-1.175, -2.537e-5
-1.176, -2.556e-5
-1.177, -2.575e-5
-1.178, -2.595e-5
-1.179, -2.614e-5
-1.180, -2.634e-5
-1.181, -2.653e-5
-1.182, -2.673e-5
-1.183, -2.693e-5
-1.184, -2.713e-5
-1.185, -2.734e-5
-1.186, -2.755e-5
-1.187, -2.776e-5
-1.188, -2.797e-5
-1.189, -2.819e-5
-1.190, -2.840e-5
-1.191, -2.862e-5
-1.192, -2.884e-5
-1.193, -2.906e-5
-1.194, -2.929e-5
-1.195, -2.951e-5
-1.196, -2.975e-5
-1.197, -2.998e-5
-1.198, -3.022e-5
-1.199, -3.045e-5
-1.200, -3.070e-5
-1.201, -3.094e-5
-1.202, -3.118e-5
-1.203, -3.143e-5
-1.204, -3.168e-5
-1.205, -3.194e-5
-1.206, -3.219e-5
-1.207, -3.245e-5
-1.208, -3.271e-5
-1.209, -3.298e-5
-1.210, -3.325e-5
-1.211, -3.352e-5
-1.212, -3.380e-5
-1.213, -3.406e-5
-1.214, -3.434e-5
-1.215, -3.462e-5
-1.216, -3.491e-5
-1.217, -3.519e-5
-1.218, -3.548e-5
-1.219, -3.577e-5
-1.220, -3.607e-5
-1.221, -3.637e-5
-1.222, -3.668e-5
-1.223, -3.698e-5
-1.224, -3.729e-5
-1.225, -3.760e-5
-1.226, -3.792e-5
-1.227, -3.823e-5
-1.228, -3.856e-5
-1.229, -3.888e-5
-1.230, -3.921e-5
-1.231, -3.954e-5
-1.232, -3.988e-5
-1.233, -4.021e-5
-1.234, -4.055e-5
-1.235, -4.089e-5
-1.236, -4.124e-5
-1.237, -4.159e-5
-1.238, -4.194e-5
-1.239, -4.229e-5
-1.240, -4.265e-5
-1.241, -4.301e-5
-1.242, -4.338e-5
-1.243, -4.375e-5
-1.244, -4.412e-5
-1.245, -4.449e-5
-1.246, -4.487e-5
-1.247, -4.525e-5
-1.248, -4.565e-5
-1.249, -4.604e-5
-1.250, -4.644e-5
-1.251, -4.683e-5
-1.252, -4.723e-5
-1.253, -4.763e-5
-1.254, -4.805e-5
-1.255, -4.846e-5
-1.256, -4.888e-5
-1.257, -4.931e-5
-1.258, -4.973e-5
-1.259, -5.016e-5
-1.260, -5.061e-5
-1.261, -5.103e-5
-1.262, -5.147e-5
-1.263, -5.191e-5
-1.264, -5.236e-5
-1.265, -5.279e-5
-1.266, -5.322e-5
-1.267, -5.367e-5
-1.268, -5.412e-5
-1.269, -5.458e-5
-1.270, -5.506e-5
-1.271, -5.552e-5
-1.272, -5.601e-5
-1.273, -5.650e-5
-1.274, -5.700e-5
-1.275, -5.749e-5
-1.276, -5.800e-5
-1.277, -5.849e-5
-1.278, -5.899e-5
-1.279, -5.950e-5
-1.280, -6.002e-5
-1.281, -6.053e-5
-1.282, -6.107e-5
-1.283, -6.158e-5
-1.284, -6.212e-5
-1.285, -6.265e-5
-1.286, -6.320e-5
-1.287, -6.374e-5
-1.288, -6.430e-5
-1.289, -6.484e-5
-1.290, -6.540e-5
-1.291, -6.596e-5
-1.292, -6.654e-5
-1.293, -6.710e-5
-1.294, -6.769e-5
-1.295, -6.828e-5
-1.296, -6.888e-5
-1.297, -6.945e-5
-1.298, -7.004e-5
-1.299, -7.062e-5
-1.300, -7.123e-5
-1.301, -7.184e-5
-1.302, -7.246e-5
-1.303, -7.307e-5
-1.304, -7.373e-5
-1.305, -7.435e-5
-1.306, -7.498e-5
-1.307, -7.560e-5
-1.308, -7.624e-5
-1.309, -7.686e-5
-1.310, -7.752e-5
-1.311, -7.818e-5
-1.312, -7.885e-5
-1.313, -7.950e-5
-1.314, -8.019e-5
-1.315, -8.087e-5
-1.316, -8.157e-5
-1.317, -8.223e-5
-1.318, -8.293e-5
-1.319, -8.360e-5
-1.320, -8.430e-5
-1.321, -8.500e-5
-1.322, -8.572e-5
-1.323, -8.642e-5
-1.324, -8.715e-5
-1.325, -8.786e-5
-1.326, -8.861e-5
-1.327, -8.935e-5
-1.328, -9.013e-5
-1.329, -9.085e-5
-1.330, -9.162e-5
-1.331, -9.235e-5
-1.332, -9.311e-5
-1.333, -9.386e-5
-1.334, -9.463e-5
-1.335, -9.539e-5
-1.336, -9.619e-5
-1.337, -9.696e-5
-1.338, -9.778e-5
-1.339, -9.860e-5
-1.340, -9.941e-5
-1.341, -1.002e-4
-1.342, -1.003e-4
-1.343, -1.003e-4
-1.344, -1.003e-4
-1.345, -1.003e-4
-1.346, -1.003e-4
-1.347, -1.003e-4
-1.348, -1.003e-4
-1.349, -1.003e-4
-1.350, -1.003e-4
-1.351, -1.003e-4
-1.352, -1.003e-4
-1.353, -1.003e-4
-1.354, -1.003e-4
-1.355, -1.003e-4
-1.356, -1.003e-4
-1.357, -1.003e-4
-1.358, -1.003e-4
-1.359, -1.003e-4
-1.360, -1.003e-4
-1.361, -1.003e-4
-1.362, -1.003e-4
-1.363, -1.003e-4
-1.364, -1.003e-4
-1.365, -1.003e-4
-1.366, -1.003e-4
-1.367, -1.003e-4
-1.368, -1.003e-4
-1.369, -1.003e-4
-1.370, -1.003e-4
-1.371, -1.003e-4
-1.372, -1.003e-4
-1.373, -1.003e-4
-1.374, -1.003e-4
-1.375, -1.003e-4
-1.376, -1.003e-4
-1.377, -1.003e-4
-1.378, -1.003e-4
-1.379, -1.003e-4
-1.380, -1.003e-4
-1.381, -1.003e-4
-1.382, -1.003e-4
-1.383, -1.003e-4
-1.384, -1.003e-4
-1.385, -1.003e-4
-1.386, -1.003e-4
-1.387, -1.003e-4
-1.388, -1.003e-4
-1.389, -1.003e-4
-1.390, -1.003e-4
-1.391, -1.003e-4
-1.392, -1.003e-4
-1.393, -1.003e-4
-1.394, -1.003e-4
-1.395, -1.003e-4
-1.396, -1.003e-4
-1.397, -1.003e-4
-1.398, -1.003e-4
-1.399, -1.003e-4
-1.400, -1.003e-4
-1.401, -1.003e-4
-1.402, -1.003e-4
-1.403, -1.003e-4
-1.404, -1.003e-4
-1.405, -1.003e-4
-1.406, -1.003e-4
-1.407, -1.003e-4
-1.408, -1.003e-4
-1.409, -1.003e-4
-1.410, -1.003e-4
-1.411, -1.003e-4
-1.412, -1.003e-4
-1.413, -1.003e-4
-1.414, -1.003e-4
-1.415, -1.003e-4
-1.416, -1.003e-4
-1.417, -1.003e-4
-1.418, -1.003e-4
-1.419, -1.003e-4
-1.420, -1.003e-4
-1.421, -1.003e-4
-1.422, -1.003e-4
-1.423, -1.003e-4
-1.424, -1.003e-4
-1.425, -1.003e-4
-1.426, -1.003e-4
-1.427, -1.003e-4
-1.428, -1.003e-4
-1.429, -1.003e-4
-1.430, -1.003e-4
-1.431, -1.003e-4
-1.432, -1.003e-4
-1.433, -1.003e-4
-1.434, -1.003e-4
-1.435, -1.003e-4
-1.436, -1.003e-4
-1.437, -1.003e-4
-1.438, -1.003e-4
-1.439, -1.003e-4
-1.440, -1.003e-4
-1.441, -1.003e-4
-1.442, -1.003e-4
-1.443, -1.003e-4
-1.444, -1.003e-4
-1.445, -1.003e-4
-1.446, -1.003e-4
-1.447, -1.003e-4
-1.448, -1.003e-4
-1.449, -1.003e-4
-1.450, -1.003e-4
-1.451, -1.003e-4
-1.452, -1.003e-4
-1.453, -1.003e-4
-1.454, -1.003e-4
-1.455, -1.003e-4
-1.456, -1.003e-4
-1.457, -1.003e-4
-1.458, -1.003e-4
-1.459, -1.003e-4
-1.460, -1.003e-4
-1.461, -1.003e-4
-1.462, -1.003e-4
-1.463, -1.003e-4
-1.464, -1.003e-4
-1.465, -1.003e-4
-1.466, -1.003e-4
-1.467, -1.003e-4
-1.468, -1.003e-4
-1.469, -1.003e-4
-1.470, -1.003e-4
-1.471, -1.003e-4
-1.472, -1.003e-4
-1.473, -1.003e-4
-1.474, -1.003e-4
-1.475, -1.003e-4
-1.476, -1.003e-4
-1.477, -1.003e-4
-1.478, -1.003e-4
-1.479, -1.003e-4
-1.480, -1.003e-4
-1.481, -1.003e-4
-1.482, -1.003e-4
-1.483, -1.003e-4
-1.484, -1.003e-4
-1.485, -1.003e-4
-1.486, -1.003e-4
-1.487, -1.003e-4
-1.488, -1.003e-4
-1.489, -1.003e-4
-1.490, -1.003e-4
-1.491, -1.003e-4
-1.492, -1.003e-4
-1.493, -1.003e-4
-1.494, -1.003e-4
-1.495, -1.003e-4
-1.496, -1.003e-4
-1.497, -1.003e-4
-1.498, -1.003e-4
-1.499, -1.003e-4
-1.500, -1.003e-4
-1.499, -1.003e-4
-1.498, -1.003e-4
-1.497, -1.003e-4
-1.496, -1.003e-4
-1.495, -1.003e-4
-1.494, -1.003e-4
-1.493, -1.003e-4
-1.492, -1.003e-4
-1.491, -1.003e-4
-1.490, -1.003e-4
-1.489, -1.003e-4
-1.488, -1.003e-4
-1.487, -1.003e-4
-1.486, -1.003e-4
-1.485, -1.003e-4
-1.484, -1.003e-4
-1.483, -1.003e-4
-1.482, -1.003e-4
-1.481, -1.003e-4
-1.480, -1.003e-4
-1.479, -1.003e-4
-1.478, -1.003e-4
-1.477, -1.003e-4
-1.476, -1.003e-4
-1.475, -1.003e-4
-1.474, -1.003e-4
-1.473, -1.003e-4
-1.472, -1.003e-4
-1.471, -1.003e-4
-1.470, -1.003e-4
-1.469, -1.003e-4
-1.468, -1.003e-4
-1.467, -1.003e-4
-1.466, -1.003e-4
-1.465, -1.003e-4
-1.464, -1.003e-4
-1.463, -1.003e-4
-1.462, -1.003e-4
-1.461, -1.003e-4
-1.460, -1.003e-4
-1.459, -1.003e-4
-1.458, -1.003e-4
-1.457, -1.003e-4
-1.456, -1.003e-4
-1.455, -1.003e-4
-1.454, -1.003e-4
-1.453, -1.003e-4
-1.452, -1.003e-4
-1.451, -1.003e-4
-1.450, -1.003e-4
-1.449, -1.003e-4
-1.448, -1.003e-4
-1.447, -1.003e-4
-1.446, -1.003e-4
-1.445, -1.003e-4
-1.444, -1.003e-4
-1.443, -1.003e-4
-1.442, -1.003e-4
-1.441, -1.003e-4
-1.440, -1.003e-4
-1.439, -1.003e-4
-1.438, -1.003e-4
-1.437, -1.003e-4
-1.436, -1.003e-4
-1.435, -1.003e-4
-1.434, -1.003e-4
-1.433, -1.003e-4
-1.432, -1.003e-4
-1.431, -1.003e-4
-1.430, -1.003e-4
-1.429, -1.003e-4
-1.428, -1.003e-4
-1.427, -1.003e-4
-1.426, -1.003e-4
-1.425, -1.003e-4
-1.424, -1.003e-4
-1.423, -1.003e-4
-1.422, -1.003e-4
-1.421, -1.003e-4
-1.420, -1.003e-4
-1.419, -1.003e-4
-1.418, -1.003e-4
-1.417, -1.003e-4
-1.416, -1.003e-4
-1.415, -1.003e-4
-1.414, -1.003e-4
-1.413, -1.003e-4
-1.412, -1.003e-4
-1.411, -1.003e-4
-1.410, -1.003e-4
-1.409, -1.003e-4
-1.408, -1.003e-4
-1.407, -1.003e-4
-1.406, -1.003e-4
-1.405, -1.003e-4
-1.404, -1.003e-4
-1.403, -1.003e-4
-1.402, -1.003e-4
-1.401, -1.003e-4
-1.400, -1.003e-4
-1.399, -1.003e-4
-1.398, -1.003e-4
-1.397, -1.003e-4
-1.396, -1.003e-4
-1.395, -1.003e-4
-1.394, -1.003e-4
-1.393, -1.003e-4
-1.392, -1.003e-4
-1.391, -1.003e-4
-1.390, -1.003e-4
-1.389, -1.003e-4
-1.388, -1.003e-4
-1.387, -1.003e-4
-1.386, -1.003e-4
-1.385, -1.003e-4
-1.384, -1.003e-4
-1.383, -1.003e-4
-1.382, -1.003e-4
-1.381, -1.003e-4
-1.380, -1.003e-4
-1.379, -1.003e-4
-1.378, -1.003e-4
-1.377, -1.003e-4
-1.376, -1.003e-4
-1.375, -1.003e-4
-1.374, -1.003e-4
-1.373, -1.003e-4
-1.372, -1.003e-4
-1.371, -1.003e-4
-1.370, -1.003e-4
-1.369, -1.003e-4
-1.368, -1.003e-4
-1.367, -1.003e-4
-1.366, -1.003e-4
-1.365, -1.003e-4
-1.364, -1.003e-4
-1.363, -1.003e-4
-1.362, -1.003e-4
-1.361, -9.996e-5
-1.360, -9.901e-5
-1.359, -9.804e-5
-1.358, -9.708e-5
-1.357, -9.610e-5
-1.356, -9.515e-5
-1.355, -9.420e-5
-1.354, -9.329e-5
-1.353, -9.236e-5
-1.352, -9.146e-5
-1.351, -9.054e-5
-1.350, -8.966e-5
-1.349, -8.876e-5
-1.348, -8.788e-5
-1.347, -8.700e-5
-1.346, -8.616e-5
-1.345, -8.528e-5
-1.344, -8.443e-5
-1.343, -8.356e-5
-1.342, -8.272e-5
-1.341, -8.188e-5
-1.340, -8.108e-5
-1.339, -8.026e-5
-1.338, -7.946e-5
-1.337, -7.865e-5
-1.336, -7.787e-5
-1.335, -7.707e-5
-1.334, -7.632e-5
-1.333, -7.553e-5
-1.332, -7.475e-5
-1.331, -7.399e-5
-1.330, -7.326e-5
-1.329, -7.250e-5
-1.328, -7.180e-5
-1.327, -7.107e-5
-1.326, -7.036e-5
-1.325, -6.965e-5
-1.324, -6.895e-5
-1.323, -6.825e-5
-1.322, -6.756e-5
-1.321, -6.687e-5
-1.320, -6.620e-5
-1.319, -6.552e-5
-1.318, -6.485e-5
-1.317, -6.418e-5
-1.316, -6.353e-5
-1.315, -6.287e-5
-1.314, -6.225e-5
-1.313, -6.161e-5
-1.312, -6.099e-5
-1.311, -6.036e-5
-1.310, -5.975e-5
-1.309, -5.913e-5
-1.308, -5.854e-5
-1.307, -5.793e-5
-1.306, -5.734e-5
-1.305, -5.674e-5
-1.304, -5.617e-5
-1.303, -5.559e-5
-1.302, -5.503e-5
-1.301, -5.446e-5
-1.300, -5.391e-5
-1.299, -5.335e-5
-1.298, -5.281e-5
-1.297, -5.226e-5
-1.296, -5.173e-5
-1.295, -5.120e-5
-1.294, -5.069e-5
-1.293, -5.016e-5
-1.292, -4.966e-5
-1.291, -4.914e-5
-1.290, -4.866e-5
-1.289, -4.815e-5
-1.288, -4.765e-5
-1.287, -4.715e-5
-1.286, -4.669e-5
-1.285, -4.621e-5
-1.284, -4.575e-5
-1.283, -4.528e-5
-1.282, -4.482e-5
-1.281, -4.435e-5
-1.280, -4.391e-5
-1.279, -4.346e-5
-1.278, -4.303e-5
-1.277, -4.259e-5
-1.276, -4.216e-5
-1.275, -4.173e-5
-1.274, -4.132e-5
-1.273, -4.090e-5
-1.272, -4.049e-5
-1.271, -4.007e-5
-1.270, -3.967e-5
-1.269, -3.927e-5
-1.268, -3.887e-5
-1.267, -3.847e-5
-1.266, -3.808e-5
-1.265, -3.769e-5
-1.264, -3.732e-5
-1.263, -3.694e-5
-1.262, -3.658e-5
-1.261, -3.620e-5
-1.260, -3.584e-5
-1.259, -3.547e-5
-1.258, -3.513e-5
-1.257, -3.478e-5
-1.256, -3.443e-5
-1.255, -3.408e-5
-1.254, -3.375e-5
-1.253, -3.341e-5
-1.252, -3.308e-5
-1.251, -3.275e-5
-1.250, -3.242e-5
-1.249, -3.208e-5
-1.248, -3.176e-5
-1.247, -3.145e-5
-1.246, -3.114e-5
-1.245, -3.082e-5
-1.244, -3.053e-5
-1.243, -3.022e-5
-1.242, -2.993e-5
-1.241, -2.963e-5
-1.240, -2.934e-5
-1.239, -2.905e-5
-1.238, -2.877e-5
-1.237, -2.849e-5
-1.236, -2.821e-5
-1.235, -2.793e-5
-1.234, -2.766e-5
-1.233, -2.739e-5
-1.232, -2.713e-5
-1.231, -2.686e-5
-1.230, -2.660e-5
-1.229, -2.634e-5
-1.228, -2.609e-5
-1.227, -2.583e-5
-1.226, -2.558e-5
-1.225, -2.533e-5
-1.224, -2.509e-5
-1.223, -2.485e-5
-1.222, -2.461e-5
-1.221, -2.432e-5
-1.220, -2.404e-5
-1.219, -2.379e-5
-1.218, -2.357e-5
-1.217, -2.333e-5
-1.216, -2.311e-5
-1.215, -2.290e-5
-1.214, -2.269e-5
-1.213, -2.247e-5
-1.212, -2.226e-5
-1.211, -2.205e-5
-1.210, -2.184e-5
-1.209, -2.164e-5
-1.208, -2.144e-5
-1.207, -2.124e-5
-1.206, -2.105e-5
-1.205, -2.085e-5
-1.204, -2.066e-5
-1.203, -2.047e-5
-1.202, -2.029e-5
-1.201, -2.010e-5
-1.200, -1.992e-5
-1.199, -1.973e-5
-1.198, -1.956e-5
-1.197, -1.938e-5
-1.196, -1.920e-5
-1.195, -1.902e-5
-1.194, -1.885e-5
-1.193, -1.867e-5
-1.192, -1.851e-5
-1.191, -1.834e-5
-1.190, -1.818e-5
-1.189, -1.801e-5
-1.188, -1.785e-5
-1.187, -1.769e-5
-1.186, -1.753e-5
-1.185, -1.737e-5
-1.184, -1.722e-5
-1.183, -1.707e-5
-1.182, -1.691e-5
-1.181, -1.676e-5
-1.180, -1.661e-5
-1.179, -1.645e-5
-1.178, -1.631e-5
-1.177, -1.617e-5
-1.176, -1.603e-5
-1.175, -1.589e-5
-1.174, -1.575e-5
-1.173, -1.561e-5
-1.172, -1.548e-5
-1.171, -1.535e-5
-1.170, -1.522e-5
-1.169, -1.508e-5
-1.168, -1.496e-5
-1.167, -1.483e-5
-1.166, -1.471e-5
-1.165, -1.458e-5
-1.164, -1.446e-5
-1.163, -1.434e-5
-1.162, -1.422e-5
-1.161, -1.410e-5
-1.160, -1.398e-5
-1.159, -1.386e-5
-1.158, -1.375e-5
-1.157, -1.363e-5
-1.156, -1.352e-5
-1.155, -1.341e-5
-1.154, -1.330e-5
-1.153, -1.319e-5
-1.152, -1.308e-5
-1.151, -1.298e-5
-1.150, -1.287e-5
-1.149, -1.277e-5
-1.148, -1.267e-5
-1.147, -1.257e-5
-1.146, -1.246e-5
-1.145, -1.236e-5
-1.144, -1.226e-5
-1.143, -1.217e-5
-1.142, -1.207e-5
-1.141, -1.198e-5
-1.140, -1.188e-5
-1.139, -1.178e-5
-1.138, -1.169e-5
-1.137, -1.160e-5
-1.136, -1.151e-5
-1.135, -1.142e-5
-1.134, -1.133e-5
-1.133, -1.124e-5
-1.132, -1.116e-5
-1.131, -1.107e-5
-1.130, -1.099e-5
-1.129, -1.091e-5
-1.128, -1.082e-5
-1.127, -1.074e-5
-1.126, -1.066e-5
-1.125, -1.058e-5
-1.124, -1.050e-5
-1.123, -1.042e-5
-1.122, -1.034e-5
-1.121, -1.027e-5
-1.120, -1.019e-5
-1.119, -1.011e-5
-1.118, -1.004e-5
-1.117, -9.968e-6
-1.116, -9.897e-6
-1.115, -9.827e-6
-1.114, -9.758e-6
-1.113, -9.688e-6
-1.112, -9.619e-6
-1.111, -9.549e-6
-1.110, -9.483e-6
-1.109, -9.417e-6
-1.108, -9.351e-6
-1.107, -9.287e-6
-1.106, -9.222e-6
-1.105, -9.158e-6
-1.104, -9.096e-6
-1.103, -9.034e-6
-1.102, -8.973e-6
-1.101, -8.911e-6
-1.100, -8.851e-6
-1.099, -8.791e-6
-1.098, -8.733e-6
-1.097, -8.674e-6
-1.096, -8.616e-6
-1.095, -8.558e-6
-1.094, -8.502e-6
-1.093, -8.447e-6
-1.092, -8.391e-6
-1.091, -8.336e-6
-1.090, -8.282e-6
-1.089, -8.227e-6
-1.088, -8.174e-6
-1.087, -8.123e-6
-1.086, -8.070e-6
-1.085, -8.018e-6
-1.084, -7.968e-6
-1.083, -7.916e-6
-1.082, -7.864e-6
-1.081, -7.815e-6
-1.080, -7.767e-6
-1.079, -7.718e-6
-1.078, -7.670e-6
-1.077, -7.622e-6
-1.076, -7.576e-6
-1.075, -7.531e-6
-1.074, -7.486e-6
-1.073, -7.441e-6
-1.072, -7.397e-6
-1.071, -7.353e-6
-1.070, -7.309e-6
-1.069, -7.265e-6
-1.068, -7.223e-6
-1.067, -7.181e-6
-1.066, -7.139e-6
-1.065, -7.099e-6
-1.064, -7.058e-6
-1.063, -7.017e-6
-1.062, -6.977e-6
-1.061, -6.937e-6
-1.060, -6.897e-6
-1.059, -6.859e-6
-1.058, -6.821e-6
-1.057, -6.782e-6
-1.056, -6.744e-6
-1.055, -6.706e-6
-1.054, -6.669e-6
-1.053, -6.633e-6
-1.052, -6.596e-6
-1.051, -6.560e-6
-1.050, -6.524e-6
-1.049, -6.489e-6
-1.048, -6.454e-6
-1.047, -6.419e-6
-1.046, -6.386e-6
-1.045, -6.352e-6
-1.044, -6.318e-6
-1.043, -6.283e-6
-1.042, -6.250e-6
-1.041, -6.218e-6
-1.040, -6.186e-6
-1.039, -6.155e-6
-1.038, -6.123e-6
-1.037, -6.092e-6
-1.036, -6.061e-6
-1.035, -6.030e-6
-1.034, -6.000e-6
-1.033, -5.970e-6
-1.032, -5.939e-6
-1.031, -5.909e-6
-1.030, -5.880e-6
-1.029, -5.851e-6
-1.028, -5.821e-6
-1.027, -5.793e-6
-1.026, -5.765e-6
-1.025, -5.737e-6
-1.024, -5.707e-6
-1.023, -5.676e-6
-1.022, -5.647e-6
-1.021, -5.621e-6
-1.020, -5.596e-6
-1.019, -5.570e-6
-1.018, -5.543e-6
-1.017, -5.518e-6
-1.016, -5.492e-6
-1.015, -5.467e-6
-1.014, -5.442e-6
-1.013, -5.417e-6
-1.012, -5.391e-6
-1.011, -5.367e-6
-1.010, -5.343e-6
-1.009, -5.319e-6
-1.008, -5.294e-6
-1.007, -5.266e-6
-1.006, -5.228e-6
-1.005, -5.202e-6
-1.004, -5.179e-6
-1.003, -5.154e-6
-1.002, -5.133e-6
-1.001, -5.112e-6
-1.000, -5.091e-6
-0.999, -5.070e-6
-0.998, -5.048e-6
-0.997, -5.027e-6
-0.996, -5.005e-6
-0.995, -4.985e-6
-0.994, -4.963e-6
-0.993, -4.942e-6
-0.992, -4.921e-6
-0.991, -4.900e-6
-0.990, -4.879e-6
-0.989, -4.858e-6
-0.988, -4.837e-6
-0.987, -4.817e-6
-0.986, -4.797e-6
-0.985, -4.777e-6
-0.984, -4.757e-6
-0.983, -4.738e-6
-0.982, -4.718e-6
-0.981, -4.698e-6
-0.980, -4.678e-6
-0.979, -4.659e-6
-0.978, -4.640e-6
-0.977, -4.621e-6
-0.976, -4.601e-6
-0.975, -4.582e-6
-0.974, -4.561e-6
-0.973, -4.543e-6
-0.972, -4.524e-6
-0.971, -4.506e-6
-0.970, -4.488e-6
-0.969, -4.471e-6
-0.968, -4.452e-6
-0.967, -4.434e-6
-0.966, -4.416e-6
-0.965, -4.399e-6
-0.964, -4.381e-6
-0.963, -4.364e-6
-0.962, -4.346e-6
-0.961, -4.328e-6
-0.960, -4.311e-6
-0.959, -4.293e-6
-0.958, -4.276e-6
-0.957, -4.259e-6
-0.956, -4.242e-6
-0.955, -4.225e-6
-0.954, -4.208e-6
-0.953, -4.191e-6
-0.952, -4.174e-6
-0.951, -4.158e-6
-0.950, -4.141e-6
-0.949, -4.124e-6
-0.948, -4.108e-6
-0.947, -4.092e-6
-0.946, -4.075e-6
-0.945, -4.059e-6
-0.944, -4.043e-6
-0.943, -4.027e-6
-0.942, -4.010e-6
-0.941, -3.995e-6
-0.940, -3.978e-6
-0.939, -3.963e-6
-0.938, -3.947e-6
-0.937, -3.932e-6
-0.936, -3.915e-6
-0.935, -3.900e-6
-0.934, -3.885e-6
-0.933, -3.870e-6
-0.932, -3.854e-6
-0.931, -3.838e-6
-0.930, -3.823e-6
-0.929, -3.808e-6
-0.928, -3.792e-6
-0.927, -3.778e-6
-0.926, -3.762e-6
-0.925, -3.748e-6
-0.924, -3.732e-6
-0.923, -3.718e-6
-0.922, -3.703e-6
-0.921, -3.689e-6
-0.920, -3.674e-6
-0.919, -3.659e-6
-0.918, -3.644e-6
-0.917, -3.631e-6
-0.916, -3.616e-6
-0.915, -3.602e-6
-0.914, -3.587e-6
-0.913, -3.573e-6
-0.912, -3.558e-6
-0.911, -3.544e-6
-0.910, -3.530e-6
-0.909, -3.517e-6
-0.908, -3.502e-6
-0.907, -3.489e-6
-0.906, -3.474e-6
-0.905, -3.461e-6
-0.904, -3.447e-6
-0.903, -3.433e-6
-0.902, -3.418e-6
-0.901, -3.404e-6
-0.900, -3.390e-6
-0.899, -3.377e-6
-0.898, -3.363e-6
-0.897, -3.350e-6
-0.896, -3.336e-6
-0.895, -3.323e-6
-0.894, -3.309e-6
-0.893, -3.296e-6
-0.892, -3.283e-6
-0.891, -3.271e-6
-0.890, -3.257e-6
-0.889, -3.244e-6
-0.888, -3.230e-6
-0.887, -3.218e-6
-0.886, -3.205e-6
-0.885, -3.192e-6
-0.884, -3.179e-6
-0.883, -3.167e-6
-0.882, -3.153e-6
-0.881, -3.141e-6
-0.880, -3.128e-6
-0.879, -3.116e-6
-0.878, -3.103e-6
-0.877, -3.090e-6
-0.876, -3.078e-6
-0.875, -3.066e-6
-0.874, -3.054e-6
-0.873, -3.042e-6
-0.872, -3.029e-6
-0.871, -3.018e-6
-0.870, -3.005e-6
-0.869, -2.993e-6
-0.868, -2.981e-6
-0.867, -2.970e-6
-0.866, -2.957e-6
-0.865, -2.946e-6
-0.864, -2.934e-6
-0.863, -2.923e-6
-0.862, -2.910e-6
-0.861, -2.899e-6
-0.860, -2.887e-6
-0.859, -2.876e-6
-0.858, -2.864e-6
-0.857, -2.853e-6
-0.856, -2.841e-6
-0.855, -2.831e-6
-0.854, -2.818e-6
-0.853, -2.808e-6
-0.852, -2.797e-6
-0.851, -2.786e-6
-0.850, -2.774e-6
-0.849, -2.763e-6
-0.848, -2.752e-6
-0.847, -2.742e-6
-0.846, -2.730e-6
-0.845, -2.720e-6
-0.844, -2.709e-6
-0.843, -2.699e-6
-0.842, -2.688e-6
-0.841, -2.678e-6
-0.840, -2.667e-6
-0.839, -2.657e-6
-0.838, -2.646e-6
-0.837, -2.636e-6
-0.836, -2.625e-6
-0.835, -2.615e-6
-0.834, -2.604e-6
-0.833, -2.595e-6
-0.832, -2.584e-6
-0.831, -2.575e-6
-0.830, -2.564e-6
-0.829, -2.554e-6
-0.828, -2.544e-6
-0.827, -2.535e-6
-0.826, -2.524e-6
-0.825, -2.515e-6
-0.824, -2.505e-6
-0.823, -2.495e-6
-0.822, -2.486e-6
-0.821, -2.476e-6
-0.820, -2.466e-6
-0.819, -2.457e-6
-0.818, -2.446e-6
-0.817, -2.437e-6
-0.816, -2.428e-6
-0.815, -2.419e-6
-0.814, -2.409e-6
-0.813, -2.399e-6
-0.812, -2.390e-6
-0.811, -2.381e-6
-0.810, -2.372e-6
-0.809, -2.363e-6
-0.808, -2.354e-6
-0.807, -2.345e-6
-0.806, -2.336e-6
-0.805, -2.327e-6
-0.804, -2.317e-6
-0.803, -2.309e-6
-0.802, -2.300e-6
-0.801, -2.292e-6
-0.800, -2.283e-6
-0.799, -2.275e-6
-0.798, -2.265e-6
-0.797, -2.257e-6
-0.796, -2.248e-6
-0.795, -2.240e-6
-0.794, -2.231e-6
-0.793, -2.223e-6
-0.792, -2.214e-6
-0.791, -2.206e-6
-0.790, -2.197e-6
-0.789, -2.190e-6
-0.788, -2.180e-6
-0.787, -2.172e-6
-0.786, -2.164e-6
-0.785, -2.156e-6
-0.784, -2.147e-6
-0.783, -2.140e-6
-0.782, -2.131e-6
-0.781, -2.123e-6
-0.780, -2.115e-6
-0.779, -2.108e-6
-0.778, -2.099e-6
-0.777, -2.092e-6
-0.776, -2.083e-6
-0.775, -2.076e-6
-0.774, -2.067e-6
-0.773, -2.060e-6
-0.772, -2.052e-6
-0.771, -2.045e-6
-0.770, -2.037e-6
-0.769, -2.029e-6
-0.768, -2.021e-6
-0.767, -2.014e-6
-0.766, -2.006e-6
-0.765, -1.999e-6
-0.764, -1.991e-6
-0.763, -1.983e-6
-0.762, -1.976e-6
-0.761, -1.968e-6
-0.760, -1.960e-6
-0.759, -1.953e-6
-0.758, -1.946e-6
-0.757, -1.939e-6
-0.756, -1.931e-6
-0.755, -1.924e-6
-0.754, -1.916e-6
-0.753, -1.909e-6
-0.752, -1.901e-6
-0.751, -1.895e-6
-0.750, -1.887e-6
-0.749, -1.880e-6
-0.748, -1.873e-6
-0.747, -1.866e-6
-0.746, -1.858e-6
-0.745, -1.852e-6
-0.744, -1.844e-6
-0.743, -1.837e-6
-0.742, -1.830e-6
-0.741, -1.823e-6
-0.740, -1.816e-6
-0.739, -1.810e-6
-0.738, -1.802e-6
-0.737, -1.796e-6
-0.736, -1.788e-6
-0.735, -1.782e-6
-0.734, -1.774e-6
-0.733, -1.768e-6
-0.732, -1.761e-6
-0.731, -1.754e-6
-0.730, -1.747e-6
-0.729, -1.741e-6
-0.728, -1.733e-6
-0.727, -1.727e-6
-0.726, -1.720e-6
-0.725, -1.714e-6
-0.724, -1.707e-6
-0.723, -1.701e-6
-0.722, -1.694e-6
-0.721, -1.687e-6
-0.720, -1.680e-6
-0.719, -1.674e-6
-0.718, -1.667e-6
-0.717, -1.661e-6
-0.716, -1.654e-6
-0.715, -1.648e-6
-0.714, -1.641e-6
-0.713, -1.635e-6
-0.712, -1.628e-6
-0.711, -1.622e-6
-0.710, -1.615e-6
-0.709, -1.609e-6
-0.708, -1.602e-6
-0.707, -1.596e-6
-0.706, -1.589e-6
-0.705, -1.583e-6
-0.704, -1.576e-6
-0.703, -1.570e-6
-0.702, -1.563e-6
-0.701, -1.558e-6
-0.700, -1.551e-6
-0.699, -1.545e-6
-0.698, -1.538e-6
-0.697, -1.532e-6
-0.696, -1.525e-6
-0.695, -1.520e-6
-0.694, -1.513e-6
-0.693, -1.507e-6
-0.692, -1.501e-6
-0.691, -1.495e-6
-0.690, -1.488e-6
-0.689, -1.483e-6
-0.688, -1.476e-6
-0.687, -1.470e-6
-0.686, -1.463e-6
-0.685, -1.458e-6
-0.684, -1.451e-6
-0.683, -1.445e-6
-0.682, -1.439e-6
-0.681, -1.433e-6
-0.680, -1.427e-6
-0.679, -1.421e-6
-0.678, -1.414e-6
-0.677, -1.408e-6
-0.676, -1.402e-6
-0.675, -1.396e-6
-0.674, -1.390e-6
-0.673, -1.384e-6
-0.672, -1.378e-6
-0.671, -1.372e-6
-0.670, -1.365e-6
-0.669, -1.360e-6
-0.668, -1.354e-6
-0.667, -1.348e-6
-0.666, -1.341e-6
-0.665, -1.335e-6
-0.664, -1.329e-6
-0.663, -1.323e-6
-0.662, -1.317e-6
-0.661, -1.311e-6
-0.660, -1.305e-6
-0.659, -1.299e-6
-0.658, -1.293e-6
-0.657, -1.287e-6
-0.656, -1.281e-6
-0.655, -1.275e-6
-0.654, -1.269e-6
-0.653, -1.263e-6
-0.652, -1.257e-6
-0.651, -1.251e-6
-0.650, -1.245e-6
-0.649, -1.240e-6
-0.648, -1.233e-6
-0.647, -1.228e-6
-0.646, -1.221e-6
-0.645, -1.216e-6
-0.644, -1.210e-6
-0.643, -1.204e-6
-0.642, -1.197e-6
-0.641, -1.192e-6
-0.640, -1.186e-6
-0.639, -1.180e-6
-0.638, -1.174e-6
-0.637, -1.168e-6
-0.636, -1.162e-6
-0.635, -1.157e-6
-0.634, -1.150e-6
-0.633, -1.144e-6
-0.632, -1.138e-6
-0.631, -1.133e-6
-0.630, -1.127e-6
-0.629, -1.121e-6
-0.628, -1.115e-6
-0.627, -1.110e-6
-0.626, -1.103e-6
-0.625, -1.097e-6
-0.624, -1.091e-6
-0.623, -1.086e-6
-0.622, -1.079e-6
-0.621, -1.074e-6
-0.620, -1.068e-6
-0.619, -1.063e-6
-0.618, -1.056e-6
-0.617, -1.051e-6
-0.616, -1.044e-6
-0.615, -1.039e-6
-0.614, -1.032e-6
-0.613, -1.027e-6
-0.612, -1.021e-6
-0.611, -1.015e-6
-0.610, -1.009e-6
-0.609, -1.003e-6
-0.608, -9.972e-7
-0.607, -9.918e-7
-0.606, -9.852e-7
-0.605, -9.797e-7
-0.604, -9.738e-7
-0.603, -9.682e-7
-0.602, -9.624e-7
-0.601, -9.567e-7
-0.600, -9.504e-7
-0.599, -9.450e-7
-0.598, -9.388e-7
-0.597, -9.330e-7
-0.596, -9.268e-7
-0.595, -9.214e-7
-0.594, -9.156e-7
-0.593, -9.100e-7
-0.592, -9.037e-7
-0.591, -8.984e-7
-0.590, -8.921e-7
-0.589, -8.868e-7
-0.588, -8.801e-7
-0.587, -8.748e-7
-0.586, -8.686e-7
-0.585, -8.638e-7
-0.584, -8.570e-7
-0.583, -8.515e-7
-0.582, -8.452e-7
-0.581, -8.402e-7
-0.580, -8.333e-7
-0.579, -8.279e-7
-0.578, -8.217e-7
-0.577, -8.167e-7
-0.576, -8.105e-7
-0.575, -8.050e-7
-0.574, -7.986e-7
-0.573, -7.935e-7
-0.572, -7.873e-7
-0.571, -7.816e-7
-0.570, -7.751e-7
-0.569, -7.698e-7
-0.568, -7.638e-7
-0.567, -7.582e-7
-0.566, -7.519e-7
-0.565, -7.463e-7
-0.564, -7.402e-7
-0.563, -7.348e-7
-0.562, -7.290e-7
-0.561, -7.234e-7
-0.560, -7.173e-7
-0.559, -7.114e-7
-0.558, -7.052e-7
-0.557, -6.999e-7
-0.556, -6.937e-7
-0.555, -6.879e-7
-0.554, -6.817e-7
-0.553, -6.764e-7
-0.552, -6.702e-7
-0.551, -6.645e-7
-0.550, -6.580e-7
-0.549, -6.527e-7
-0.548, -6.466e-7
-0.547, -6.412e-7
-0.546, -6.348e-7
-0.545, -6.295e-7
-0.544, -6.233e-7
-0.543, -6.183e-7
-0.542, -6.111e-7
-0.541, -6.056e-7
-0.540, -5.996e-7
-0.539, -5.942e-7
-0.538, -5.876e-7
-0.537, -5.822e-7
-0.536, -5.758e-7
-0.535, -5.708e-7
-0.534, -5.643e-7
-0.533, -5.584e-7
-0.532, -5.520e-7
-0.531, -5.467e-7
-0.530, -5.406e-7
-0.529, -5.350e-7
-0.528, -5.286e-7
-0.527, -5.234e-7
-0.526, -5.170e-7
-0.525, -5.114e-7
-0.524, -5.050e-7
-0.523, -4.993e-7
-0.522, -4.931e-7
-0.521, -4.876e-7
-0.520, -4.814e-7
-0.519, -4.760e-7
-0.518, -4.699e-7
-0.517, -4.640e-7
-0.516, -4.577e-7
-0.515, -4.519e-7
-0.514, -4.457e-7
-0.513, -4.398e-7
-0.512, -4.339e-7
-0.511, -4.283e-7
-0.510, -4.222e-7
-0.509, -4.164e-7
-0.508, -4.103e-7
-0.507, -4.043e-7
-0.506, -3.978e-7
-0.505, -3.921e-7
-0.504, -3.859e-7
-0.503, -3.803e-7
-0.502, -3.743e-7
-0.501, -3.686e-7
-0.500, -3.621e-7
-0.499, -3.565e-7
-0.498, -3.501e-7
-0.497, -3.442e-7
-0.496, -3.380e-7
-0.495, -3.327e-7
-0.494, -3.264e-7
-0.493, -3.206e-7
-0.492, -3.143e-7
-0.491, -3.086e-7
-0.490, -3.020e-7
-0.489, -2.963e-7
-0.488, -2.898e-7
-0.487, -2.842e-7
-0.486, -2.780e-7
-0.485, -2.723e-7
-0.484, -2.656e-7
-0.483, -2.600e-7
-0.482, -2.537e-7
-0.481, -2.476e-7
-0.480, -2.412e-7
-0.479, -2.356e-7
-0.478, -2.293e-7
-0.477, -2.237e-7
-0.476, -2.171e-7
-0.475, -2.113e-7
-0.474, -2.051e-7
-0.473, -1.992e-7
-0.472, -1.923e-7
-0.471, -1.867e-7
-0.470, -1.807e-7
-0.469, -1.751e-7
-0.468, -1.680e-7
-0.467, -1.625e-7
-0.466, -1.562e-7
-0.465, -1.504e-7
-0.464, -1.438e-7
-0.463, -1.381e-7
-0.462, -1.317e-7
-0.461, -1.263e-7
-0.460, -1.196e-7
-0.459, -1.136e-7
-0.458, -1.073e-7
-0.457, -1.019e-7
-0.456, -9.494e-8
-0.455, -8.903e-8
-0.454, -8.286e-8
-0.453, -7.727e-8
-0.452, -7.068e-8
-0.451, -6.519e-8
-0.450, -5.901e-8
-0.449, -5.298e-8
-0.448, -4.656e-8
-0.447, -4.067e-8
-0.446, -3.415e-8
-0.445, -2.869e-8
-0.444, -2.222e-8
-0.443, -1.649e-8
-0.442, -9.950e-9
-0.441, -4.586e-9
-0.440, 2.122e-9
-0.439, 7.594e-9
-0.438, 1.415e-8
-0.437, 1.941e-8
-0.436, 2.610e-8
-0.435, 3.153e-8
-0.434, 3.770e-8
-0.433, 4.313e-8
-0.432, 4.956e-8
-0.431, 5.468e-8
-0.430, 6.110e-8
-0.429, 6.573e-8
-0.428, 7.281e-8
-0.427, 7.855e-8
-0.426, 8.469e-8
-0.425, 8.983e-8
-0.424, 9.627e-8
-0.423, 1.017e-7
-0.422, 1.077e-7
-0.421, 1.130e-7
-0.420, 1.191e-7
-0.419, 1.249e-7
-0.418, 1.312e-7
-0.417, 1.367e-7
-0.416, 1.426e-7
-0.415, 1.481e-7
-0.414, 1.546e-7
-0.413, 1.599e-7
-0.412, 1.656e-7
-0.411, 1.713e-7
-0.410, 1.776e-7
-0.409, 1.830e-7
-0.408, 1.890e-7
-0.407, 1.945e-7
-0.406, 2.003e-7
-0.405, 2.057e-7
-0.404, 2.117e-7
-0.403, 2.169e-7
-0.402, 2.232e-7
-0.401, 2.288e-7
-0.400, 2.351e-7
-0.399, 2.403e-7
-0.398, 2.468e-7
-0.397, 2.519e-7
-0.396, 2.577e-7
-0.395, 2.629e-7
-0.394, 2.694e-7
-0.393, 2.745e-7
-0.392, 2.808e-7
-0.391, 2.862e-7
-0.390, 2.925e-7
-0.389, 2.978e-7
-0.388, 3.038e-7
-0.387, 3.090e-7
-0.386, 3.149e-7
-0.385, 3.205e-7
-0.384, 3.264e-7
-0.383, 3.316e-7
-0.382, 3.381e-7
-0.381, 3.437e-7
-0.380, 3.494e-7
-0.379, 3.549e-7
-0.378, 3.605e-7
-0.377, 3.661e-7
-0.376, 3.722e-7
-0.375, 3.776e-7
-0.374, 3.834e-7
-0.373, 3.889e-7
-0.372, 3.953e-7
-0.371, 4.004e-7
-0.370, 4.061e-7
-0.369, 4.111e-7
-0.368, 4.176e-7
-0.367, 4.229e-7
-0.366, 4.288e-7
-0.365, 4.337e-7
-0.364, 4.397e-7
-0.363, 4.453e-7
-0.362, 4.513e-7
-0.361, 4.563e-7
-0.360, 4.622e-7
-0.359, 4.677e-7
-0.358, 4.736e-7
-0.357, 4.790e-7
-0.356, 4.849e-7
-0.355, 4.902e-7
-0.354, 4.961e-7
-0.353, 5.015e-7
-0.352, 5.071e-7
-0.351, 5.122e-7
-0.350, 5.183e-7
-0.349, 5.231e-7
-0.348, 5.289e-7
-0.347, 5.341e-7
-0.346, 5.403e-7
-0.345, 5.451e-7
-0.344, 5.512e-7
-0.343, 5.562e-7
-0.342, 5.622e-7
-0.341, 5.674e-7
-0.340, 5.733e-7
-0.339, 5.783e-7
-0.338, 5.842e-7
-0.337, 5.894e-7
-0.336, 5.950e-7
-0.335, 6.002e-7
-0.334, 6.061e-7
-0.333, 6.113e-7
-0.332, 6.169e-7
-0.331, 6.221e-7
-0.330, 6.276e-7
-0.329, 6.326e-7
-0.328, 6.388e-7
-0.327, 6.435e-7
-0.326, 6.492e-7
-0.325, 6.540e-7
-0.324, 6.601e-7
-0.323, 6.655e-7
-0.322, 6.711e-7
-0.321, 6.762e-7
-0.320, 6.816e-7
-0.319, 6.868e-7
-0.318, 6.925e-7
-0.317, 6.973e-7
-0.316, 7.026e-7
-0.315, 7.077e-7
-0.314, 7.138e-7
-0.313, 7.189e-7
-0.312, 7.246e-7
-0.311, 7.294e-7
-0.310, 7.350e-7
-0.309, 7.401e-7
-0.308, 7.459e-7
-0.307, 7.503e-7
-0.306, 7.555e-7
-0.305, 7.612e-7
-0.304, 7.669e-7
-0.303, 7.719e-7
-0.302, 7.772e-7
-0.301, 7.823e-7
-0.300, 7.876e-7
-0.299, 7.925e-7
-0.298, 7.981e-7
-0.297, 8.025e-7
-0.296, 8.085e-7
-0.295, 8.135e-7
-0.294, 8.192e-7
-0.293, 8.241e-7
-0.292, 8.296e-7
-0.291, 8.346e-7
-0.290, 8.399e-7
-0.289, 8.449e-7
-0.288, 8.499e-7
-0.287, 8.546e-7
-0.286, 8.605e-7
-0.285, 8.652e-7
-0.284, 8.706e-7
-0.283, 8.758e-7
-0.282, 8.815e-7
-0.281, 8.862e-7
-0.280, 8.920e-7
-0.279, 8.966e-7
-0.278, 9.018e-7
-0.277, 9.070e-7
-0.276, 9.125e-7
-0.275, 9.172e-7
-0.274, 9.225e-7
-0.273, 9.278e-7
-0.272, 9.332e-7
-0.271, 9.379e-7
-0.270, 9.434e-7
-0.269, 9.477e-7
-0.268, 9.531e-7
-0.267, 9.584e-7
-0.266, 9.636e-7
-0.265, 9.684e-7
-0.264, 9.736e-7
-0.263, 9.785e-7
-0.262, 9.841e-7
-0.261, 9.890e-7
-0.260, 9.943e-7
-0.259, 9.986e-7
-0.258, 1.004e-6
-0.257, 1.009e-6
-0.256, 1.015e-6
-0.255, 1.019e-6
-0.254, 1.025e-6
-0.253, 1.029e-6
-0.252, 1.035e-6
-0.251, 1.040e-6
-0.250, 1.045e-6
-0.249, 1.049e-6
-0.248, 1.055e-6
-0.247, 1.060e-6
-0.246, 1.065e-6
-0.245, 1.070e-6
-0.244, 1.075e-6
-0.243, 1.080e-6
-0.242, 1.085e-6
-0.241, 1.090e-6
-0.240, 1.095e-6
-0.239, 1.099e-6
-0.238, 1.105e-6
-0.237, 1.110e-6
-0.236, 1.115e-6
-0.235, 1.120e-6
-0.234, 1.125e-6
-0.233, 1.130e-6
-0.232, 1.135e-6
-0.231, 1.140e-6
-0.230, 1.145e-6
-0.229, 1.150e-6
-0.228, 1.155e-6
-0.227, 1.160e-6
-0.226, 1.165e-6
-0.225, 1.170e-6
-0.224, 1.175e-6
-0.223, 1.180e-6
-0.222, 1.185e-6
-0.221, 1.189e-6
-0.220, 1.194e-6
-0.219, 1.200e-6
-0.218, 1.205e-6
-0.217, 1.209e-6
-0.216, 1.214e-6
-0.215, 1.219e-6
-0.214, 1.225e-6
-0.213, 1.230e-6
-0.212, 1.235e-6
-0.211, 1.239e-6
-0.210, 1.244e-6
-0.209, 1.249e-6
-0.208, 1.254e-6
-0.207, 1.259e-6
-0.206, 1.264e-6
-0.205, 1.269e-6
-0.204, 1.274e-6
-0.203, 1.279e-6
-0.202, 1.284e-6
-0.201, 1.289e-6
-0.200, 1.294e-6
-0.199, 1.299e-6
-0.198, 1.304e-6
-0.197, 1.309e-6
-0.196, 1.314e-6
-0.195, 1.319e-6
-0.194, 1.324e-6
-0.193, 1.329e-6
-0.192, 1.334e-6
-0.191, 1.338e-6
-0.190, 1.344e-6
-0.189, 1.349e-6
-0.188, 1.353e-6
-0.187, 1.358e-6
-0.186, 1.363e-6
-0.185, 1.368e-6
-0.184, 1.374e-6
-0.183, 1.379e-6
-0.182, 1.384e-6
-0.181, 1.388e-6
-0.180, 1.393e-6
-0.179, 1.398e-6
-0.178, 1.403e-6
-0.177, 1.408e-6
-0.176, 1.413e-6
-0.175, 1.418e-6
-0.174, 1.423e-6
-0.173, 1.428e-6
-0.172, 1.433e-6
-0.171, 1.438e-6
-0.170, 1.443e-6
-0.169, 1.448e-6
-0.168, 1.453e-6
-0.167, 1.458e-6
-0.166, 1.463e-6
-0.165, 1.468e-6
-0.164, 1.474e-6
-0.163, 1.479e-6
-0.162, 1.484e-6
-0.161, 1.488e-6
-0.160, 1.493e-6
-0.159, 1.498e-6
-0.158, 1.503e-6
-0.157, 1.508e-6
-0.156, 1.513e-6
-0.155, 1.518e-6
-0.154, 1.523e-6
-0.153, 1.528e-6
-0.152, 1.533e-6
-0.151, 1.538e-6
-0.150, 1.543e-6
-0.149, 1.548e-6
-0.148, 1.553e-6
-0.147, 1.557e-6
-0.146, 1.562e-6
-0.145, 1.567e-6
-0.144, 1.572e-6
-0.143, 1.576e-6
-0.142, 1.581e-6
-0.141, 1.586e-6
-0.140, 1.590e-6
-0.139, 1.595e-6
-0.138, 1.599e-6
-0.137, 1.603e-6
-0.136, 1.607e-6
-0.135, 1.611e-6
-0.134, 1.615e-6
-0.133, 1.619e-6
-0.132, 1.622e-6
-0.131, 1.625e-6
-0.130, 1.629e-6
-0.129, 1.631e-6
-0.128, 1.634e-6
-0.127, 1.636e-6
-0.126, 1.639e-6
-0.125, 1.641e-6
-0.124, 1.644e-6
-0.123, 1.645e-6
-0.122, 1.647e-6
-0.121, 1.649e-6
-0.120, 1.650e-6
-0.119, 1.652e-6
-0.118, 1.653e-6
-0.117, 1.655e-6
-0.116, 1.657e-6
-0.115, 1.658e-6
-0.114, 1.660e-6
-0.113, 1.662e-6
-0.112, 1.665e-6
-0.111, 1.667e-6
-0.110, 1.670e-6
-0.109, 1.673e-6
-0.108, 1.676e-6
-0.107, 1.678e-6
-0.106, 1.681e-6
-0.105, 1.684e-6
-0.104, 1.687e-6
-0.103, 1.690e-6
-0.102, 1.694e-6
-0.101, 1.697e-6
-0.100, 1.700e-6
-0.099, 1.703e-6
-0.098, 1.707e-6
-0.097, 1.710e-6
-0.096, 1.714e-6
-0.095, 1.717e-6
-0.094, 1.721e-6
-0.093, 1.724e-6
-0.092, 1.727e-6
-0.091, 1.731e-6
-0.090, 1.734e-6
-0.089, 1.737e-6
-0.088, 1.741e-6
-0.087, 1.745e-6
-0.086, 1.749e-6
-0.085, 1.752e-6
-0.084, 1.756e-6
-0.083, 1.759e-6
-0.082, 1.762e-6
-0.081, 1.766e-6
-0.080, 1.769e-6
-0.079, 1.772e-6
-0.078, 1.776e-6
-0.077, 1.779e-6
-0.076, 1.783e-6
-0.075, 1.786e-6
-0.074, 1.790e-6
-0.073, 1.793e-6
-0.072, 1.797e-6
-0.071, 1.800e-6
-0.070, 1.804e-6
-0.069, 1.807e-6
-0.068, 1.811e-6
-0.067, 1.814e-6
-0.066, 1.818e-6
-0.065, 1.821e-6
-0.064, 1.824e-6
-0.063, 1.827e-6
-0.062, 1.831e-6
-0.061, 1.834e-6
-0.060, 1.838e-6
-0.059, 1.841e-6
-0.058, 1.845e-6
-0.057, 1.848e-6
-0.056, 1.852e-6
-0.055, 1.855e-6
-0.054, 1.858e-6
-0.053, 1.862e-6
-0.052, 1.865e-6
-0.051, 1.868e-6
-0.050, 1.872e-6
-0.049, 1.875e-6
-0.048, 1.878e-6
-0.047, 1.881e-6
-0.046, 1.885e-6
-0.045, 1.888e-6
-0.044, 1.892e-6
-0.043, 1.895e-6
-0.042, 1.898e-6
-0.041, 1.901e-6
-0.040, 1.905e-6
-0.039, 1.908e-6
-0.038, 1.912e-6
-0.037, 1.915e-6
-0.036, 1.918e-6
-0.035, 1.921e-6
-0.034, 1.925e-6
-0.033, 1.928e-6
-0.032, 1.930e-6
-0.031, 1.934e-6
-0.030, 1.937e-6
-0.029, 1.940e-6
-0.028, 1.944e-6
-0.027, 1.947e-6
-0.026, 1.950e-6
-0.025, 1.952e-6
-0.024, 1.956e-6
-0.023, 1.959e-6
-0.022, 1.963e-6
-0.021, 1.966e-6
-0.020, 1.969e-6
-0.019, 1.972e-6
-0.018, 1.975e-6
-0.017, 1.978e-6
-0.016, 1.981e-6
-0.015, 1.984e-6
-0.014, 1.988e-6
-0.013, 1.991e-6
-0.012, 1.994e-6
-0.011, 1.997e-6
-0.010, 2.000e-6
-0.009, 2.003e-6
-0.008, 2.006e-6
-0.007, 2.009e-6
-0.006, 2.012e-6
-0.005, 2.015e-6
-0.004, 2.019e-6
-0.003, 2.021e-6
-0.002, 2.024e-6
-0.001, 2.027e-6
0.000, 2.030e-6
0.001, 2.033e-6
0.002, 2.036e-6
0.003, 2.039e-6
0.004, 2.042e-6
0.005, 2.045e-6
0.006, 2.048e-6
0.007, 2.050e-6
0.008, 2.054e-6
0.009, 2.057e-6
0.010, 2.059e-6
0.011, 2.062e-6
0.012, 2.065e-6
0.013, 2.068e-6
0.014, 2.071e-6
0.015, 2.074e-6
0.016, 2.077e-6
0.017, 2.079e-6
0.018, 2.083e-6
0.019, 2.085e-6
0.020, 2.088e-6
0.021, 2.091e-6
0.022, 2.094e-6
0.023, 2.096e-6
0.024, 2.099e-6
0.025, 2.102e-6
0.026, 2.105e-6
0.027, 2.107e-6
0.028, 2.110e-6
0.029, 2.113e-6
0.030, 2.115e-6
0.031, 2.118e-6
0.032, 2.122e-6
0.033, 2.124e-6
0.034, 2.127e-6
0.035, 2.129e-6
0.036, 2.132e-6
0.037, 2.135e-6
0.038, 2.138e-6
0.039, 2.140e-6
0.040, 2.143e-6
0.041, 2.145e-6
0.042, 2.148e-6
0.043, 2.151e-6
0.044, 2.154e-6
0.045, 2.156e-6
0.046, 2.159e-6
0.047, 2.161e-6
0.048, 2.164e-6
0.049, 2.166e-6
0.050, 2.169e-6
0.051, 2.172e-6
0.052, 2.174e-6
0.053, 2.177e-6
0.054, 2.180e-6
0.055, 2.182e-6
0.056, 2.185e-6
0.057, 2.187e-6
0.058, 2.190e-6
0.059, 2.192e-6
0.060, 2.195e-6
0.061, 2.197e-6
0.062, 2.200e-6
0.063, 2.202e-6
0.064, 2.205e-6
0.065, 2.207e-6
0.066, 2.210e-6
0.067, 2.212e-6
0.068, 2.215e-6
0.069, 2.217e-6
0.070, 2.220e-6
0.071, 2.222e-6
0.072, 2.224e-6
0.073, 2.226e-6
0.074, 2.229e-6
0.075, 2.232e-6
0.076, 2.235e-6
0.077, 2.237e-6
0.078, 2.239e-6
0.079, 2.242e-6
0.080, 2.244e-6
0.081, 2.246e-6
0.082, 2.249e-6
0.083, 2.251e-6
0.084, 2.253e-6
0.085, 2.256e-6
0.086, 2.258e-6
0.087, 2.260e-6
0.088, 2.263e-6
0.089, 2.265e-6
0.090, 2.267e-6
0.091, 2.269e-6
0.092, 2.272e-6
0.093, 2.273e-6
0.094, 2.276e-6
0.095, 2.279e-6
0.096, 2.281e-6
0.097, 2.283e-6
0.098, 2.286e-6
0.099, 2.288e-6
0.100, 2.291e-6
0.101, 2.293e-6
0.102, 2.295e-6
0.103, 2.297e-6
0.104, 2.299e-6
0.105, 2.301e-6
0.106, 2.304e-6
0.107, 2.306e-6
0.108, 2.308e-6
0.109, 2.310e-6
0.110, 2.313e-6
0.111, 2.315e-6
0.112, 2.317e-6
0.113, 2.319e-6
0.114, 2.321e-6
0.115, 2.323e-6
0.116, 2.325e-6
0.117, 2.328e-6
0.118, 2.330e-6
0.119, 2.332e-6
0.120, 2.335e-6
0.121, 2.337e-6
0.122, 2.339e-6
0.123, 2.341e-6
0.124, 2.344e-6
0.125, 2.345e-6
0.126, 2.348e-6
0.127, 2.351e-6
0.128, 2.353e-6
0.129, 2.355e-6
0.130, 2.357e-6
0.131, 2.359e-6
0.132, 2.361e-6
0.133, 2.363e-6
0.134, 2.365e-6
0.135, 2.367e-6
0.136, 2.369e-6
0.137, 2.371e-6
0.138, 2.374e-6
0.139, 2.376e-6
0.140, 2.378e-6
0.141, 2.380e-6
0.142, 2.383e-6
0.143, 2.385e-6
0.144, 2.387e-6
0.145, 2.389e-6
0.146, 2.392e-6
0.147, 2.394e-6
0.148, 2.396e-6
0.149, 2.398e-6
0.150, 2.400e-6
0.151, 2.402e-6
0.152, 2.404e-6
0.153, 2.406e-6
0.154, 2.408e-6
0.155, 2.410e-6
0.156, 2.413e-6
0.157, 2.415e-6
0.158, 2.416e-6
0.159, 2.418e-6
0.160, 2.420e-6
0.161, 2.422e-6
0.162, 2.425e-6
0.163, 2.426e-6
0.164, 2.429e-6
0.165, 2.431e-6
0.166, 2.433e-6
0.167, 2.434e-6
0.168, 2.437e-6
0.169, 2.438e-6
0.170, 2.440e-6
0.171, 2.442e-6
0.172, 2.444e-6
0.173, 2.446e-6
0.174, 2.448e-6
0.175, 2.450e-6
0.176, 2.452e-6
0.177, 2.453e-6
0.178, 2.455e-6
0.179, 2.457e-6
0.180, 2.458e-6
0.181, 2.460e-6
0.182, 2.462e-6
0.183, 2.463e-6
0.184, 2.465e-6
0.185, 2.466e-6
0.186, 2.467e-6
0.187, 2.469e-6
0.188, 2.470e-6
0.189, 2.472e-6
0.190, 2.473e-6
0.191, 2.475e-6
0.192, 2.476e-6
0.193, 2.477e-6
0.194, 2.479e-6
0.195, 2.480e-6
0.196, 2.481e-6
0.197, 2.483e-6
0.198, 2.484e-6
0.199, 2.485e-6
