0.200, 4.173e-7
0.199, 4.066e-7
0.198, 4.001e-7
0.197, 3.933e-7
0.196, 3.887e-7
0.195, 3.828e-7
0.194, 3.787e-7
0.193, 3.731e-7
0.192, 3.692e-7
0.191, 3.639e-7
0.190, 3.600e-7
0.189, 3.550e-7
0.188, 3.515e-7
0.187, 3.461e-7
0.186, 3.428e-7
0.185, 3.378e-7
0.184, 3.343e-7
0.183, 3.294e-7
0.182, 3.262e-7
0.181, 3.213e-7
0.180, 3.181e-7
0.179, 3.133e-7
0.178, 3.100e-7
0.177, 3.052e-7
0.176, 3.022e-7
0.175, 2.975e-7
0.174, 2.942e-7
0.173, 2.896e-7
0.172, 2.866e-7
0.171, 2.817e-7
0.170, 2.788e-7
0.169, 2.743e-7
0.168, 2.711e-7
0.167, 2.666e-7
0.166, 2.636e-7
0.165, 2.589e-7
0.164, 2.560e-7
0.163, 2.517e-7
0.162, 2.486e-7
0.161, 2.441e-7
0.160, 2.412e-7
0.159, 2.368e-7
0.158, 2.338e-7
0.157, 2.294e-7
0.156, 2.266e-7
0.155, 2.219e-7
0.154, 2.192e-7
0.153, 2.148e-7
0.152, 2.117e-7
0.151, 2.075e-7
0.150, 2.048e-7
0.149, 2.001e-7
0.148, 1.974e-7
0.147, 1.930e-7
0.146, 1.902e-7
0.145, 1.857e-7
0.144, 1.830e-7
0.143, 1.786e-7
0.142, 1.758e-7
0.141, 1.714e-7
0.140, 1.686e-7
0.139, 1.642e-7
0.138, 1.616e-7
0.137, 1.573e-7
0.136, 1.543e-7
0.135, 1.501e-7
0.134, 1.473e-7
0.133, 1.429e-7
0.132, 1.401e-7
0.131, 1.358e-7
0.130, 1.331e-7
0.129, 1.287e-7
0.128, 1.260e-7
0.127, 1.217e-7
0.126, 1.187e-7
0.125, 1.145e-7
0.124, 1.118e-7
0.123, 1.073e-7
0.122, 1.047e-7
0.121, 1.003e-7
0.120, 9.743e-8
0.119, 9.317e-8
0.118, 9.048e-8
0.117, 8.602e-8
0.116, 8.333e-8
0.115, 7.900e-8
0.114, 7.626e-8
0.113, 7.185e-8
0.112, 6.923e-8
0.111, 6.491e-8
0.110, 6.200e-8
0.109, 5.772e-8
0.108, 5.493e-8
0.107, 5.046e-8
0.106, 4.778e-8
0.105, 4.353e-8
0.104, 4.060e-8
0.103, 3.639e-8
0.102, 3.384e-8
0.101, 2.928e-8
0.100, 2.651e-8
0.099, 2.226e-8
0.098, 1.940e-8
0.097, 1.494e-8
0.096, 1.224e-8
0.095, 7.856e-9
0.094, 4.951e-9
0.093, 6.741e-10
0.092, -2.037e-9
0.091, -6.710e-9
0.090, -9.369e-9
0.089, -1.374e-8
0.088, -1.669e-8
0.087, -2.108e-8
0.086, -2.384e-8
0.085, -2.840e-8
0.084, -3.118e-8
0.083, -3.560e-8
0.082, -3.846e-8
0.081, -4.293e-8
0.080, -4.574e-8
0.079, -5.012e-8
0.078, -5.319e-8
0.077, -5.750e-8
0.076, -6.033e-8
0.075, -6.499e-8
0.074, -6.774e-8
0.073, -7.208e-8
0.072, -7.512e-8
0.071, -7.955e-8
0.070, -8.249e-8
0.069, -8.701e-8
0.068, -8.996e-8
0.067, -9.440e-8
0.066, -9.732e-8
0.065, -1.019e-7
0.064, -1.048e-7
0.063, -1.093e-7
0.062, -1.123e-7
0.061, -1.168e-7
0.060, -1.197e-7
0.059, -1.245e-7
0.058, -1.273e-7
0.057, -1.318e-7
0.056, -1.350e-7
0.055, -1.396e-7
0.054, -1.424e-7
0.053, -1.471e-7
0.052, -1.501e-7
0.051, -1.547e-7
0.050, -1.578e-7
0.049, -1.624e-7
0.048, -1.655e-7
0.047, -1.700e-7
0.046, -1.732e-7
0.045, -1.778e-7
0.044, -1.808e-7
0.043, -1.856e-7
0.042, -1.886e-7
0.041, -1.932e-7
0.040, -1.965e-7
0.039, -2.011e-7
0.038, -2.042e-7
0.037, -2.090e-7
0.036, -2.121e-7
0.035, -2.167e-7
0.034, -2.199e-7
0.033, -2.247e-7
0.032, -2.278e-7
0.031, -2.325e-7
0.030, -2.358e-7
0.029, -2.404e-7
0.028, -2.436e-7
0.027, -2.485e-7
0.026, -2.516e-7
0.025, -2.564e-7
0.024, -2.598e-7
0.023, -2.645e-7
0.022, -2.676e-7
0.021, -2.726e-7
0.020, -2.758e-7
0.019, -2.806e-7
0.018, -2.840e-7
0.017, -2.889e-7
0.016, -2.921e-7
0.015, -2.969e-7
0.014, -3.003e-7
0.013, -3.051e-7
0.012, -3.083e-7
0.011, -3.133e-7
0.010, -3.166e-7
0.009, -3.214e-7
0.008, -3.249e-7
0.007, -3.298e-7
0.006, -3.331e-7
0.005, -3.382e-7
0.004, -3.416e-7
0.003, -3.465e-7
0.002, -3.500e-7
0.001, -3.551e-7
-0.000, -3.582e-7
-0.001, -3.631e-7
-0.002, -3.667e-7
-0.003, -3.717e-7
-0.004, -3.750e-7
-0.005, -3.803e-7
-0.006, -3.837e-7
-0.007, -3.887e-7
-0.008, -3.923e-7
-0.009, -3.973e-7
-0.010, -4.007e-7
-0.011, -4.059e-7
-0.012, -4.095e-7
-0.013, -4.145e-7
-0.014, -4.181e-7
-0.015, -4.233e-7
-0.016, -4.268e-7
-0.017, -4.319e-7
-0.018, -4.357e-7
-0.019, -4.407e-7
-0.020, -4.443e-7
-0.021, -4.496e-7
-0.022, -4.532e-7
-0.023, -4.582e-7
-0.024, -4.620e-7
-0.025, -4.672e-7
-0.026, -4.708e-7
-0.027, -4.760e-7
-0.028, -4.798e-7
-0.029, -4.850e-7
-0.030, -4.887e-7
-0.031, -4.940e-7
-0.032, -4.977e-7
-0.033, -5.030e-7
-0.034, -5.069e-7
-0.035, -5.121e-7
-0.036, -5.157e-7
-0.037, -5.213e-7
-0.038, -5.250e-7
-0.039, -5.303e-7
-0.040, -5.343e-7
-0.041, -5.396e-7
-0.042, -5.434e-7
-0.043, -5.487e-7
-0.044, -5.527e-7
-0.045, -5.580e-7
-0.046, -5.619e-7
-0.047, -5.674e-7
-0.048, -5.711e-7
-0.049, -5.765e-7
-0.050, -5.806e-7
-0.051, -5.859e-7
-0.052, -5.898e-7
-0.053, -5.955e-7
-0.054, -5.993e-7
-0.055, -6.047e-7
-0.056, -6.088e-7
-0.057, -6.143e-7
-0.058, -6.182e-7
-0.059, -6.238e-7
-0.060, -6.278e-7
-0.061, -6.334e-7
-0.062, -6.373e-7
-0.063, -6.430e-7
-0.064, -6.470e-7
-0.065, -6.526e-7
-0.066, -6.568e-7
-0.067, -6.623e-7
-0.068, -6.664e-7
-0.069, -6.723e-7
-0.070, -6.764e-7
-0.071, -6.820e-7
-0.072, -6.863e-7
-0.073, -6.920e-7
-0.074, -6.959e-7
-0.075, -7.017e-7
-0.076, -7.059e-7
-0.077, -7.116e-7
-0.078, -7.157e-7
-0.079, -7.214e-7
-0.080, -7.256e-7
-0.081, -7.313e-7
-0.082, -7.357e-7
-0.083, -7.414e-7
-0.084, -7.455e-7
-0.085, -7.515e-7
-0.086, -7.556e-7
-0.087, -7.613e-7
-0.088, -7.657e-7
-0.089, -7.717e-7
-0.090, -7.759e-7
-0.091, -7.817e-7
-0.092, -7.860e-7
-0.093, -7.918e-7
-0.094, -7.962e-7
-0.095, -8.022e-7
-0.096, -8.064e-7
-0.097, -8.124e-7
-0.098, -8.169e-7
-0.099, -8.227e-7
-0.100, -8.270e-7
-0.101, -8.332e-7
-0.102, -8.374e-7
-0.103, -8.431e-7
-0.104, -8.477e-7
-0.105, -8.536e-7
-0.106, -8.579e-7
-0.107, -8.639e-7
-0.108, -8.685e-7
-0.109, -8.745e-7
-0.110, -8.789e-7
-0.111, -8.851e-7
-0.112, -8.894e-7
-0.113, -8.955e-7
-0.114, -9.002e-7
-0.115, -9.061e-7
-0.116, -9.106e-7
-0.117, -9.168e-7
-0.118, -9.212e-7
-0.119, -9.272e-7
-0.120, -9.320e-7
-0.121, -9.381e-7
-0.122, -9.426e-7
-0.123, -9.489e-7
-0.124, -9.535e-7
-0.125, -9.596e-7
-0.126, -9.642e-7
-0.127, -9.707e-7
-0.128, -9.752e-7
-0.129, -9.814e-7
-0.130, -9.863e-7
-0.131, -9.924e-7
-0.132, -9.970e-7
-0.133, -1.003e-6
-0.134, -1.008e-6
-0.135, -1.014e-6
-0.136, -1.019e-6
-0.137, -1.025e-6
-0.138, -1.030e-6
-0.139, -1.036e-6
-0.140, -1.041e-6
-0.141, -1.047e-6
-0.142, -1.052e-6
-0.143, -1.058e-6
-0.144, -1.063e-6
-0.145, -1.069e-6
-0.146, -1.074e-6
-0.147, -1.081e-6
-0.148, -1.085e-6
-0.149, -1.092e-6
-0.150, -1.097e-6
-0.151, -1.103e-6
-0.152, -1.108e-6
-0.153, -1.115e-6
-0.154, -1.119e-6
-0.155, -1.126e-6
-0.156, -1.131e-6
-0.157, -1.137e-6
-0.158, -1.142e-6
-0.159, -1.149e-6
-0.160, -1.154e-6
-0.161, -1.160e-6
-0.162, -1.165e-6
-0.163, -1.172e-6
-0.164, -1.176e-6
-0.165, -1.183e-6
-0.166, -1.188e-6
-0.167, -1.195e-6
-0.168, -1.200e-6
-0.169, -1.206e-6
-0.170, -1.211e-6
-0.171, -1.218e-6
-0.172, -1.223e-6
-0.173, -1.229e-6
-0.174, -1.234e-6
-0.175, -1.241e-6
-0.176, -1.246e-6
-0.177, -1.253e-6
-0.178, -1.258e-6
-0.179, -1.265e-6
-0.180, -1.269e-6
-0.181, -1.276e-6
-0.182, -1.281e-6
-0.183, -1.288e-6
-0.184, -1.293e-6
-0.185, -1.300e-6
-0.186, -1.305e-6
-0.187, -1.311e-6
-0.188, -1.317e-6
-0.189, -1.323e-6
-0.190, -1.328e-6
-0.191, -1.335e-6
-0.192, -1.340e-6
-0.193, -1.347e-6
-0.194, -1.352e-6
-0.195, -1.359e-6
-0.196, -1.364e-6
-0.197, -1.371e-6
-0.198, -1.376e-6
-0.199, -1.383e-6
-0.200, -1.388e-6
-0.201, -1.395e-6
-0.202, -1.400e-6
-0.203, -1.407e-6
-0.204, -1.412e-6
-0.205, -1.419e-6
-0.206, -1.424e-6
-0.207, -1.431e-6
-0.208, -1.436e-6
-0.209, -1.443e-6
-0.210, -1.449e-6
-0.211, -1.456e-6
-0.212, -1.461e-6
-0.213, -1.468e-6
-0.214, -1.473e-6
-0.215, -1.480e-6
-0.216, -1.485e-6
-0.217, -1.492e-6
-0.218, -1.498e-6
-0.219, -1.505e-6
-0.220, -1.510e-6
-0.221, -1.517e-6
-0.222, -1.522e-6
-0.223, -1.530e-6
-0.224, -1.537e-6
-0.225, -1.544e-6
-0.226, -1.550e-6
-0.227, -1.557e-6
-0.228, -1.562e-6
-0.229, -1.569e-6
-0.230, -1.574e-6
-0.231, -1.581e-6
-0.232, -1.587e-6
-0.233, -1.594e-6
-0.234, -1.599e-6
-0.235, -1.606e-6
-0.236, -1.612e-6
-0.237, -1.619e-6
-0.238, -1.624e-6
-0.239, -1.631e-6
-0.240, -1.636e-6
-0.241, -1.643e-6
-0.242, -1.649e-6
-0.243, -1.656e-6
-0.244, -1.661e-6
-0.245, -1.669e-6
-0.246, -1.674e-6
-0.247, -1.681e-6
-0.248, -1.687e-6
-0.249, -1.694e-6
-0.250, -1.699e-6
-0.251, -1.706e-6
-0.252, -1.712e-6
-0.253, -1.719e-6
-0.254, -1.724e-6
-0.255, -1.732e-6
-0.256, -1.737e-6
-0.257, -1.744e-6
-0.258, -1.750e-6
-0.259, -1.757e-6
-0.260, -1.762e-6
-0.261, -1.770e-6
-0.262, -1.775e-6
-0.263, -1.782e-6
-0.264, -1.788e-6
-0.265, -1.795e-6
-0.266, -1.801e-6
-0.267, -1.808e-6
-0.268, -1.814e-6
-0.269, -1.821e-6
-0.270, -1.826e-6
-0.271, -1.834e-6
-0.272, -1.839e-6
-0.273, -1.846e-6
-0.274, -1.852e-6
-0.275, -1.859e-6
-0.276, -1.865e-6
-0.277, -1.872e-6
-0.278, -1.878e-6
-0.279, -1.885e-6
-0.280, -1.891e-6
-0.281, -1.898e-6
-0.282, -1.904e-6
-0.283, -1.911e-6
-0.284, -1.917e-6
-0.285, -1.924e-6
-0.286, -1.930e-6
-0.287, -1.937e-6
-0.288, -1.943e-6
-0.289, -1.950e-6
-0.290, -1.956e-6
-0.291, -1.963e-6
-0.292, -1.969e-6
-0.293, -1.976e-6
-0.294, -1.982e-6
-0.295, -1.989e-6
-0.296, -1.995e-6
-0.297, -2.002e-6
-0.298, -2.008e-6
-0.299, -2.015e-6
-0.300, -2.021e-6
-0.301, -2.028e-6
-0.302, -2.034e-6
-0.303, -2.042e-6
-0.304, -2.047e-6
-0.305, -2.054e-6
-0.306, -2.060e-6
-0.307, -2.068e-6
-0.308, -2.073e-6
-0.309, -2.081e-6
-0.310, -2.086e-6
-0.311, -2.094e-6
-0.312, -2.100e-6
-0.313, -2.107e-6
-0.314, -2.113e-6
-0.315, -2.120e-6
-0.316, -2.126e-6
-0.317, -2.133e-6
-0.318, -2.139e-6
-0.319, -2.147e-6
-0.320, -2.153e-6
-0.321, -2.160e-6
-0.322, -2.166e-6
-0.323, -2.173e-6
-0.324, -2.179e-6
-0.325, -2.186e-6
-0.326, -2.192e-6
-0.327, -2.200e-6
-0.328, -2.206e-6
-0.329, -2.213e-6
-0.330, -2.219e-6
-0.331, -2.226e-6
-0.332, -2.232e-6
-0.333, -2.239e-6
-0.334, -2.245e-6
-0.335, -2.253e-6
-0.336, -2.259e-6
-0.337, -2.266e-6
-0.338, -2.272e-6
-0.339, -2.280e-6
-0.340, -2.286e-6
-0.341, -2.293e-6
-0.342, -2.299e-6
-0.343, -2.306e-6
-0.344, -2.313e-6
-0.345, -2.320e-6
-0.346, -2.326e-6
-0.347, -2.333e-6
-0.348, -2.339e-6
-0.349, -2.347e-6
-0.350, -2.353e-6
-0.351, -2.360e-6
-0.352, -2.366e-6
-0.353, -2.373e-6
-0.354, -2.380e-6
-0.355, -2.387e-6
-0.356, -2.393e-6
-0.357, -2.401e-6
-0.358, -2.407e-6
-0.359, -2.414e-6
-0.360, -2.420e-6
-0.361, -2.428e-6
-0.362, -2.434e-6
-0.363, -2.441e-6
-0.364, -2.447e-6
-0.365, -2.455e-6
-0.366, -2.461e-6
-0.367, -2.468e-6
-0.368, -2.474e-6
-0.369, -2.482e-6
-0.370, -2.488e-6
-0.371, -2.495e-6
-0.372, -2.501e-6
-0.373, -2.509e-6
-0.374, -2.515e-6
-0.375, -2.522e-6
-0.376, -2.529e-6
-0.377, -2.536e-6
-0.378, -2.542e-6
-0.379, -2.550e-6
-0.380, -2.556e-6
-0.381, -2.563e-6
-0.382, -2.569e-6
-0.383, -2.577e-6
-0.384, -2.583e-6
-0.385, -2.591e-6
-0.386, -2.597e-6
-0.387, -2.604e-6
-0.388, -2.610e-6
-0.389, -2.618e-6
-0.390, -2.624e-6
-0.391, -2.632e-6
-0.392, -2.638e-6
-0.393, -2.645e-6
-0.394, -2.651e-6
-0.395, -2.659e-6
-0.396, -2.665e-6
-0.397, -2.673e-6
-0.398, -2.679e-6
-0.399, -2.687e-6
-0.400, -2.693e-6
-0.401, -2.700e-6
-0.402, -2.707e-6
-0.403, -2.714e-6
-0.404, -2.720e-6
-0.405, -2.728e-6
-0.406, -2.734e-6
-0.407, -2.742e-6
-0.408, -2.748e-6
-0.409, -2.756e-6
-0.410, -2.761e-6
-0.411, -2.769e-6
-0.412, -2.775e-6
-0.413, -2.783e-6
-0.414, -2.789e-6
-0.415, -2.797e-6
-0.416, -2.803e-6
-0.417, -2.811e-6
-0.418, -2.817e-6
-0.419, -2.825e-6
-0.420, -2.831e-6
-0.421, -2.839e-6
-0.422, -2.845e-6
-0.423, -2.852e-6
-0.424, -2.859e-6
-0.425, -2.866e-6
-0.426, -2.873e-6
-0.427, -2.880e-6
-0.428, -2.887e-6
-0.429, -2.894e-6
-0.430, -2.901e-6
-0.431, -2.908e-6
-0.432, -2.915e-6
-0.433, -2.922e-6
-0.434, -2.929e-6
-0.435, -2.936e-6
-0.436, -2.943e-6
-0.437, -2.950e-6
-0.438, -2.957e-6
-0.439, -2.964e-6
-0.440, -2.971e-6
-0.441, -2.978e-6
-0.442, -2.985e-6
-0.443, -2.993e-6
-0.444, -2.999e-6
-0.445, -3.007e-6
-0.446, -3.013e-6
-0.447, -3.021e-6
-0.448, -3.027e-6
-0.449, -3.035e-6
-0.450, -3.042e-6
-0.451, -3.050e-6
-0.452, -3.056e-6
-0.453, -3.064e-6
-0.454, -3.070e-6
-0.455, -3.078e-6
-0.456, -3.085e-6
-0.457, -3.092e-6
-0.458, -3.099e-6
-0.459, -3.107e-6
-0.460, -3.113e-6
-0.461, -3.121e-6
-0.462, -3.128e-6
-0.463, -3.136e-6
-0.464, -3.142e-6
-0.465, -3.150e-6
-0.466, -3.157e-6
-0.467, -3.165e-6
-0.468, -3.172e-6
-0.469, -3.180e-6
-0.470, -3.186e-6
-0.471, -3.194e-6
-0.472, -3.201e-6
-0.473, -3.209e-6
-0.474, -3.216e-6
-0.475, -3.224e-6
-0.476, -3.231e-6
-0.477, -3.239e-6
-0.478, -3.246e-6
-0.479, -3.254e-6
-0.480, -3.261e-6
-0.481, -3.269e-6
-0.482, -3.276e-6
-0.483, -3.284e-6
-0.484, -3.291e-6
-0.485, -3.300e-6
-0.486, -3.307e-6
-0.487, -3.315e-6
-0.488, -3.322e-6
-0.489, -3.331e-6
-0.490, -3.338e-6
-0.491, -3.347e-6
-0.492, -3.354e-6
-0.493, -3.363e-6
-0.494, -3.370e-6
-0.495, -3.379e-6
-0.496, -3.386e-6
-0.497, -3.395e-6
-0.498, -3.403e-6
-0.499, -3.412e-6
-0.500, -3.419e-6
-0.501, -3.429e-6
-0.502, -3.436e-6
-0.503, -3.445e-6
-0.504, -3.453e-6
-0.505, -3.463e-6
-0.506, -3.471e-6
-0.507, -3.480e-6
-0.508, -3.489e-6
-0.509, -3.498e-6
-0.510, -3.506e-6
-0.511, -3.516e-6
-0.512, -3.524e-6
-0.513, -3.534e-6
-0.514, -3.543e-6
-0.515, -3.553e-6
-0.516, -3.561e-6
-0.517, -3.572e-6
-0.518, -3.580e-6
-0.519, -3.591e-6
-0.520, -3.600e-6
-0.521, -3.610e-6
-0.522, -3.619e-6
-0.523, -3.630e-6
-0.524, -3.639e-6
-0.525, -3.650e-6
-0.526, -3.660e-6
-0.527, -3.671e-6
-0.528, -3.681e-6
-0.529, -3.692e-6
-0.530, -3.702e-6
-0.531, -3.713e-6
-0.532, -3.723e-6
-0.533, -3.735e-6
-0.534, -3.745e-6
-0.535, -3.756e-6
-0.536, -3.767e-6
-0.537, -3.779e-6
-0.538, -3.789e-6
-0.539, -3.801e-6
-0.540, -3.812e-6
-0.541, -3.824e-6
-0.542, -3.835e-6
-0.543, -3.848e-6
-0.544, -3.859e-6
-0.545, -3.871e-6
-0.546, -3.882e-6
-0.547, -3.895e-6
-0.548, -3.906e-6
-0.549, -3.918e-6
-0.550, -3.929e-6
-0.551, -3.942e-6
-0.552, -3.954e-6
-0.553, -3.967e-6
-0.554, -3.978e-6
-0.555, -3.990e-6
-0.556, -4.002e-6
-0.557, -4.014e-6
-0.558, -4.025e-6
-0.559, -4.038e-6
-0.560, -4.049e-6
-0.561, -4.061e-6
-0.562, -4.073e-6
-0.563, -4.085e-6
-0.564, -4.096e-6
-0.565, -4.108e-6
-0.566, -4.119e-6
-0.567, -4.131e-6
-0.568, -4.142e-6
-0.569, -4.153e-6
-0.570, -4.164e-6
-0.571, -4.175e-6
-0.572, -4.186e-6
-0.573, -4.197e-6
-0.574, -4.207e-6
-0.575, -4.219e-6
-0.576, -4.229e-6
-0.577, -4.240e-6
-0.578, -4.250e-6
-0.579, -4.260e-6
-0.580, -4.269e-6
-0.581, -4.280e-6
-0.582, -4.290e-6
-0.583, -4.300e-6
-0.584, -4.309e-6
-0.585, -4.319e-6
-0.586, -4.328e-6
-0.587, -4.338e-6
-0.588, -4.347e-6
-0.589, -4.356e-6
-0.590, -4.365e-6
-0.591, -4.375e-6
-0.592, -4.383e-6
-0.593, -4.392e-6
-0.594, -4.402e-6
-0.595, -4.411e-6
-0.596, -4.419e-6
-0.597, -4.428e-6
-0.598, -4.435e-6
-0.599, -4.444e-6
-0.600, -4.451e-6
-0.601, -4.460e-6
-0.602, -4.467e-6
-0.603, -4.476e-6
-0.604, -4.483e-6
-0.605, -4.491e-6
-0.606, -4.498e-6
-0.607, -4.506e-6
-0.608, -4.513e-6
-0.609, -4.521e-6
-0.610, -4.527e-6
-0.611, -4.535e-6
-0.612, -4.542e-6
-0.613, -4.549e-6
-0.614, -4.556e-6
-0.615, -4.564e-6
-0.616, -4.570e-6
-0.617, -4.578e-6
-0.618, -4.584e-6
-0.619, -4.591e-6
-0.620, -4.597e-6
-0.621, -4.604e-6
-0.622, -4.610e-6
-0.623, -4.617e-6
-0.624, -4.623e-6
-0.625, -4.630e-6
-0.626, -4.636e-6
-0.627, -4.643e-6
-0.628, -4.648e-6
-0.629, -4.655e-6
-0.630, -4.661e-6
-0.631, -4.668e-6
-0.632, -4.673e-6
-0.633, -4.680e-6
-0.634, -4.685e-6
-0.635, -4.692e-6
-0.636, -4.697e-6
-0.637, -4.704e-6
-0.638, -4.709e-6
-0.639, -4.715e-6
-0.640, -4.721e-6
-0.641, -4.727e-6
-0.642, -4.732e-6
-0.643, -4.738e-6
-0.644, -4.743e-6
-0.645, -4.750e-6
-0.646, -4.755e-6
-0.647, -4.761e-6
-0.648, -4.767e-6
-0.649, -4.773e-6
-0.650, -4.778e-6
-0.651, -4.784e-6
-0.652, -4.789e-6
-0.653, -4.795e-6
-0.654, -4.800e-6
-0.655, -4.806e-6
-0.656, -4.811e-6
-0.657, -4.817e-6
-0.658, -4.822e-6
-0.659, -4.828e-6
-0.660, -4.832e-6
-0.661, -4.839e-6
-0.662, -4.843e-6
-0.663, -4.849e-6
-0.664, -4.854e-6
-0.665, -4.860e-6
-0.666, -4.864e-6
-0.667, -4.870e-6
-0.668, -4.875e-6
-0.669, -4.881e-6
-0.670, -4.886e-6
-0.671, -4.892e-6
-0.672, -4.896e-6
-0.673, -4.902e-6
-0.674, -4.907e-6
-0.675, -4.913e-6
-0.676, -4.918e-6
-0.677, -4.924e-6
-0.678, -4.928e-6
-0.679, -4.934e-6
-0.680, -4.939e-6
-0.681, -4.945e-6
-0.682, -4.950e-6
-0.683, -4.955e-6
-0.684, -4.960e-6
-0.685, -4.966e-6
-0.686, -4.970e-6
-0.687, -4.976e-6
-0.688, -4.981e-6
-0.689, -4.987e-6
-0.690, -4.992e-6
-0.691, -4.997e-6
-0.692, -5.002e-6
-0.693, -5.008e-6
-0.694, -5.012e-6
-0.695, -5.018e-6
-0.696, -5.023e-6
-0.697, -5.029e-6
-0.698, -5.033e-6
-0.699, -5.039e-6
-0.700, -5.044e-6
-0.701, -5.050e-6
-0.702, -5.054e-6
-0.703, -5.060e-6
-0.704, -5.065e-6
-0.705, -5.071e-6
-0.706, -5.076e-6
-0.707, -5.081e-6
-0.708, -5.086e-6
-0.709, -5.092e-6
-0.710, -5.097e-6
-0.711, -5.102e-6
-0.712, -5.107e-6
-0.713, -5.113e-6
-0.714, -5.118e-6
-0.715, -5.124e-6
-0.716, -5.128e-6
-0.717, -5.134e-6
-0.718, -5.138e-6
-0.719, -5.144e-6
-0.720, -5.149e-6
-0.721, -5.155e-6
-0.722, -5.160e-6
-0.723, -5.166e-6
-0.724, -5.170e-6
-0.725, -5.176e-6
-0.726, -5.181e-6
-0.727, -5.187e-6
-0.728, -5.192e-6
-0.729, -5.198e-6
-0.730, -5.202e-6
-0.731, -5.208e-6
-0.732, -5.213e-6
-0.733, -5.219e-6
-0.734, -5.224e-6
-0.735, -5.230e-6
-0.736, -5.235e-6
-0.737, -5.240e-6
-0.738, -5.245e-6
-0.739, -5.251e-6
-0.740, -5.256e-6
-0.741, -5.263e-6
-0.742, -5.267e-6
-0.743, -5.273e-6
-0.744, -5.278e-6
-0.745, -5.284e-6
-0.746, -5.289e-6
-0.747, -5.295e-6
-0.748, -5.300e-6
-0.749, -5.306e-6
-0.750, -5.311e-6
-0.751, -5.318e-6
-0.752, -5.323e-6
-0.753, -5.329e-6
-0.754, -5.334e-6
-0.755, -5.340e-6
-0.756, -5.345e-6
-0.757, -5.351e-6
-0.758, -5.356e-6
-0.759, -5.363e-6
-0.760, -5.368e-6
-0.761, -5.374e-6
-0.762, -5.379e-6
-0.763, -5.386e-6
-0.764, -5.391e-6
-0.765, -5.397e-6
-0.766, -5.402e-6
-0.767, -5.409e-6
-0.768, -5.414e-6
-0.769, -5.420e-6
-0.770, -5.426e-6
-0.771, -5.432e-6
-0.772, -5.437e-6
-0.773, -5.444e-6
-0.774, -5.449e-6
-0.775, -5.455e-6
-0.776, -5.461e-6
-0.777, -5.468e-6
-0.778, -5.474e-6
-0.779, -5.482e-6
-0.780, -5.488e-6
-0.781, -5.495e-6
-0.782, -5.501e-6
-0.783, -5.508e-6
-0.784, -5.514e-6
-0.785, -5.520e-6
-0.786, -5.526e-6
-0.787, -5.533e-6
-0.788, -5.538e-6
-0.789, -5.545e-6
-0.790, -5.551e-6
-0.791, -5.557e-6
-0.792, -5.563e-6
-0.793, -5.570e-6
-0.794, -5.576e-6
-0.795, -5.583e-6
-0.796, -5.589e-6
-0.797, -5.595e-6
-0.798, -5.601e-6
-0.799, -5.609e-6
-0.800, -5.615e-6
-0.801, -5.622e-6
-0.802, -5.628e-6
-0.803, -5.635e-6
-0.804, -5.640e-6
-0.805, -5.648e-6
-0.806, -5.654e-6
-0.807, -5.661e-6
-0.808, -5.667e-6
-0.809, -5.675e-6
-0.810, -5.681e-6
-0.811, -5.688e-6
-0.812, -5.695e-6
-0.813, -5.702e-6
-0.814, -5.708e-6
-0.815, -5.716e-6
-0.816, -5.723e-6
-0.817, -5.730e-6
-0.818, -5.737e-6
-0.819, -5.745e-6
-0.820, -5.751e-6
-0.821, -5.760e-6
-0.822, -5.767e-6
-0.823, -5.774e-6
-0.824, -5.781e-6
-0.825, -5.788e-6
-0.826, -5.795e-6
-0.827, -5.803e-6
-0.828, -5.810e-6
-0.829, -5.818e-6
-0.830, -5.825e-6
-0.831, -5.834e-6
-0.832, -5.841e-6
-0.833, -5.850e-6
-0.834, -5.857e-6
-0.835, -5.865e-6
-0.836, -5.872e-6
-0.837, -5.881e-6
-0.838, -5.888e-6
-0.839, -5.897e-6
-0.840, -5.906e-6
-0.841, -5.914e-6
-0.842, -5.921e-6
-0.843, -5.930e-6
-0.844, -5.938e-6
-0.845, -5.947e-6
-0.846, -5.955e-6
-0.847, -5.965e-6
-0.848, -5.973e-6
-0.849, -5.982e-6
-0.850, -5.992e-6
-0.851, -6.002e-6
-0.852, -6.010e-6
-0.853, -6.019e-6
-0.854, -6.028e-6
-0.855, -6.038e-6
-0.856, -6.046e-6
-0.857, -6.056e-6
-0.858, -6.065e-6
-0.859, -6.075e-6
-0.860, -6.085e-6
-0.861, -6.094e-6
-0.862, -6.104e-6
-0.863, -6.114e-6
-0.864, -6.124e-6
-0.865, -6.134e-6
-0.866, -6.144e-6
-0.867, -6.154e-6
-0.868, -6.164e-6
-0.869, -6.175e-6
-0.870, -6.185e-6
-0.871, -6.196e-6
-0.872, -6.207e-6
-0.873, -6.218e-6
-0.874, -6.228e-6
-0.875, -6.240e-6
-0.876, -6.251e-6
-0.877, -6.263e-6
-0.878, -6.273e-6
-0.879, -6.285e-6
-0.880, -6.297e-6
-0.881, -6.309e-6
-0.882, -6.320e-6
-0.883, -6.333e-6
-0.884, -6.345e-6
-0.885, -6.357e-6
-0.886, -6.369e-6
-0.887, -6.382e-6
-0.888, -6.394e-6
-0.889, -6.407e-6
-0.890, -6.419e-6
-0.891, -6.433e-6
-0.892, -6.446e-6
-0.893, -6.460e-6
-0.894, -6.474e-6
-0.895, -6.488e-6
-0.896, -6.501e-6
-0.897, -6.515e-6
-0.898, -6.529e-6
-0.899, -6.544e-6
-0.900, -6.559e-6
-0.901, -6.574e-6
-0.902, -6.588e-6
-0.903, -6.603e-6
-0.904, -6.619e-6
-0.905, -6.634e-6
-0.906, -6.649e-6
-0.907, -6.665e-6
-0.908, -6.682e-6
-0.909, -6.698e-6
-0.910, -6.714e-6
-0.911, -6.731e-6
-0.912, -6.747e-6
-0.913, -6.763e-6
-0.914, -6.780e-6
-0.915, -6.797e-6
-0.916, -6.814e-6
-0.917, -6.832e-6
-0.918, -6.849e-6
-0.919, -6.867e-6
-0.920, -6.885e-6
-0.921, -6.905e-6
-0.922, -6.923e-6
-0.923, -6.942e-6
-0.924, -6.962e-6
-0.925, -6.981e-6
-0.926, -7.000e-6
-0.927, -7.021e-6
-0.928, -7.042e-6
-0.929, -7.063e-6
-0.930, -7.083e-6
-0.931, -7.104e-6
-0.932, -7.125e-6
-0.933, -7.147e-6
-0.934, -7.168e-6
-0.935, -7.190e-6
-0.936, -7.213e-6
-0.937, -7.236e-6
-0.938, -7.258e-6
-0.939, -7.282e-6
-0.940, -7.305e-6
-0.941, -7.328e-6
-0.942, -7.352e-6
-0.943, -7.376e-6
-0.944, -7.400e-6
-0.945, -7.424e-6
-0.946, -7.450e-6
-0.947, -7.475e-6
-0.948, -7.501e-6
-0.949, -7.527e-6
-0.950, -7.553e-6
-0.951, -7.579e-6
-0.952, -7.606e-6
-0.953, -7.634e-6
-0.954, -7.661e-6
-0.955, -7.689e-6
-0.956, -7.717e-6
-0.957, -7.745e-6
-0.958, -7.775e-6
-0.959, -7.805e-6
-0.960, -7.834e-6
-0.961, -7.863e-6
-0.962, -7.894e-6
-0.963, -7.924e-6
-0.964, -7.954e-6
-0.965, -7.986e-6
-0.966, -8.018e-6
-0.967, -8.050e-6
-0.968, -8.083e-6
-0.969, -8.116e-6
-0.970, -8.148e-6
-0.971, -8.180e-6
-0.972, -8.214e-6
-0.973, -8.248e-6
-0.974, -8.283e-6
-0.975, -8.319e-6
-0.976, -8.354e-6
-0.977, -8.390e-6
-0.978, -8.426e-6
-0.979, -8.462e-6
-0.980, -8.499e-6
-0.981, -8.537e-6
-0.982, -8.575e-6
-0.983, -8.614e-6
-0.984, -8.653e-6
-0.985, -8.692e-6
-0.986, -8.732e-6
-0.987, -8.772e-6
-0.988, -8.813e-6
-0.989, -8.854e-6
-0.990, -8.894e-6
-0.991, -8.934e-6
-0.992, -8.976e-6
-0.993, -9.017e-6
-0.994, -9.063e-6
-0.995, -9.106e-6
-0.996, -9.150e-6
-0.997, -9.195e-6
-0.998, -9.240e-6
-0.999, -9.287e-6
-1.000, -9.334e-6
-1.001, -9.381e-6
-1.002, -9.428e-6
-1.003, -9.476e-6
-1.004, -9.525e-6
-1.005, -9.574e-6
-1.006, -9.624e-6
-1.007, -9.675e-6
-1.008, -9.725e-6
-1.009, -9.776e-6
-1.010, -9.828e-6
-1.011, -9.881e-6
-1.012, -9.934e-6
-1.013, -9.988e-6
-1.014, -1.003e-5
-1.015, -1.003e-5
-1.016, -1.003e-5
-1.017, -1.003e-5
-1.018, -1.003e-5
-1.019, -1.003e-5
-1.020, -1.003e-5
-1.021, -1.003e-5
-1.022, -1.003e-5
-1.023, -1.003e-5
-1.024, -1.003e-5
-1.025, -1.003e-5
-1.026, -1.003e-5
-1.027, -1.003e-5
-1.028, -1.003e-5
-1.029, -1.003e-5
-1.030, -1.003e-5
-1.031, -1.003e-5
-1.032, -1.003e-5
-1.033, -1.003e-5
-1.034, -1.003e-5
-1.035, -1.003e-5
-1.036, -1.003e-5
-1.037, -1.003e-5
-1.038, -1.003e-5
-1.039, -1.003e-5
-1.040, -1.003e-5
-1.041, -1.003e-5
-1.042, -1.003e-5
-1.043, -1.003e-5
-1.044, -1.003e-5
-1.045, -1.003e-5
-1.046, -1.003e-5
-1.047, -1.003e-5
-1.048, -1.003e-5
-1.049, -1.003e-5
-1.050, -1.003e-5
-1.051, -1.003e-5
-1.052, -1.003e-5
-1.053, -1.003e-5
-1.054, -1.003e-5
-1.055, -1.003e-5
-1.056, -1.003e-5
-1.057, -1.003e-5
-1.058, -1.003e-5
-1.059, -1.003e-5
-1.060, -1.003e-5
-1.061, -1.003e-5
-1.062, -1.003e-5
-1.063, -1.003e-5
-1.064, -1.003e-5
-1.065, -1.003e-5
-1.066, -1.003e-5
-1.067, -1.003e-5
-1.068, -1.003e-5
-1.069, -1.003e-5
-1.070, -1.003e-5
-1.071, -1.003e-5
-1.072, -1.003e-5
-1.073, -1.003e-5
-1.074, -1.003e-5
-1.075, -1.003e-5
-1.076, -1.003e-5
-1.077, -1.003e-5
-1.078, -1.003e-5
-1.079, -1.003e-5
-1.080, -1.003e-5
-1.081, -1.003e-5
-1.082, -1.003e-5
-1.083, -1.003e-5
-1.084, -1.003e-5
-1.085, -1.003e-5
-1.086, -1.003e-5
-1.087, -1.003e-5
-1.088, -1.003e-5
-1.089, -1.003e-5
-1.090, -1.003e-5
-1.091, -1.003e-5
-1.092, -1.003e-5
-1.093, -1.003e-5
-1.094, -1.003e-5
-1.095, -1.003e-5
-1.096, -1.003e-5
-1.097, -1.003e-5
-1.098, -1.003e-5
-1.099, -1.003e-5
-1.100, -1.003e-5
-1.101, -1.003e-5
-1.102, -1.003e-5
-1.103, -1.003e-5
-1.104, -1.003e-5
-1.105, -1.003e-5
-1.106, -1.003e-5
-1.107, -1.003e-5
-1.108, -1.003e-5
-1.109, -1.003e-5
-1.110, -1.003e-5
-1.111, -1.003e-5
-1.112, -1.003e-5
-1.113, -1.003e-5
-1.114, -1.003e-5
-1.115, -1.003e-5
-1.116, -1.003e-5
-1.117, -1.003e-5
-1.118, -1.003e-5
-1.119, -1.003e-5
-1.120, -1.003e-5
-1.121, -1.003e-5
-1.122, -1.003e-5
-1.123, -1.003e-5
-1.124, -1.003e-5
-1.125, -1.003e-5
-1.126, -1.003e-5
-1.127, -1.003e-5
-1.128, -1.003e-5
-1.129, -1.003e-5
-1.130, -1.003e-5
-1.131, -1.003e-5
-1.132, -1.003e-5
-1.133, -1.003e-5
-1.134, -1.003e-5
-1.135, -1.003e-5
-1.136, -1.003e-5
-1.137, -1.003e-5
-1.138, -1.003e-5
-1.139, -1.003e-5
-1.140, -1.003e-5
-1.141, -1.003e-5
-1.142, -1.003e-5
-1.143, -1.003e-5
-1.144, -1.003e-5
-1.145, -1.003e-5
-1.146, -1.003e-5
-1.147, -1.003e-5
-1.148, -1.003e-5
-1.149, -1.003e-5
-1.150, -1.003e-5
-1.151, -1.003e-5
-1.152, -1.003e-5
-1.153, -1.003e-5
-1.154, -1.003e-5
-1.155, -1.003e-5
-1.156, -1.003e-5
-1.157, -1.003e-5
-1.158, -1.003e-5
-1.159, -1.003e-5
-1.160, -1.003e-5
-1.161, -1.003e-5
-1.162, -1.003e-5
-1.163, -1.003e-5
-1.164, -1.003e-5
-1.165, -1.003e-5
-1.166, -1.003e-5
-1.167, -1.003e-5
-1.168, -1.003e-5
-1.169, -1.003e-5
-1.170, -1.003e-5
-1.171, -1.003e-5
-1.172, -1.003e-5
-1.173, -1.003e-5
-1.174, -1.003e-5
-1.175, -1.003e-5
-1.176, -1.003e-5
-1.177, -1.003e-5
-1.178, -1.003e-5
-1.179, -1.003e-5
-1.180, -1.003e-5
-1.181, -1.003e-5
-1.182, -1.003e-5
-1.183, -1.003e-5
-1.184, -1.003e-5
-1.185, -1.003e-5
-1.186, -1.003e-5
-1.187, -1.003e-5
-1.188, -1.003e-5
-1.189, -1.003e-5
-1.190, -1.003e-5
-1.191, -1.003e-5
-1.192, -1.003e-5
-1.193, -1.003e-5
-1.194, -1.003e-5
-1.195, -1.003e-5
-1.196, -1.003e-5
-1.197, -1.003e-5
-1.198, -1.003e-5
-1.199, -1.003e-5
-1.200, -1.003e-5
-1.199, -1.003e-5
-1.198, -1.003e-5
-1.197, -1.003e-5
-1.196, -1.003e-5
-1.195, -1.003e-5
-1.194, -1.003e-5
-1.193, -1.003e-5
-1.192, -1.003e-5
-1.191, -1.003e-5
-1.190, -1.003e-5
-1.189, -1.003e-5
-1.188, -1.003e-5
-1.187, -1.003e-5
-1.186, -1.003e-5
-1.185, -1.003e-5
-1.184, -1.003e-5
-1.183, -1.003e-5
-1.182, -1.003e-5
-1.181, -1.003e-5
-1.180, -1.003e-5
-1.179, -1.003e-5
-1.178, -1.003e-5
-1.177, -1.003e-5
-1.176, -1.003e-5
-1.175, -1.003e-5
-1.174, -1.003e-5
-1.173, -1.003e-5
-1.172, -1.003e-5
-1.171, -1.003e-5
-1.170, -1.003e-5
-1.169, -1.003e-5
-1.168, -1.003e-5
-1.167, -1.003e-5
-1.166, -1.003e-5
-1.165, -1.003e-5
-1.164, -1.003e-5
-1.163, -1.003e-5
-1.162, -1.003e-5
-1.161, -1.003e-5
-1.160, -1.003e-5
-1.159, -1.003e-5
-1.158, -1.003e-5
-1.157, -1.003e-5
-1.156, -1.003e-5
-1.155, -1.003e-5
-1.154, -1.003e-5
-1.153, -1.003e-5
-1.152, -1.003e-5
-1.151, -1.003e-5
-1.150, -1.003e-5
-1.149, -1.003e-5
-1.148, -1.003e-5
-1.147, -1.003e-5
-1.146, -1.003e-5
-1.145, -1.003e-5
-1.144, -1.003e-5
-1.143, -1.003e-5
-1.142, -1.003e-5
-1.141, -1.003e-5
-1.140, -1.003e-5
-1.139, -1.003e-5
-1.138, -1.003e-5
-1.137, -1.003e-5
-1.136, -1.003e-5
-1.135, -1.003e-5
-1.134, -1.003e-5
-1.133, -1.003e-5
-1.132, -1.003e-5
-1.131, -1.003e-5
-1.130, -1.003e-5
-1.129, -1.003e-5
-1.128, -1.003e-5
-1.127, -1.003e-5
-1.126, -1.003e-5
-1.125, -1.003e-5
-1.124, -1.003e-5
-1.123, -1.003e-5
-1.122, -1.003e-5
-1.121, -1.003e-5
-1.120, -1.003e-5
-1.119, -1.003e-5
-1.118, -1.003e-5
-1.117, -1.003e-5
-1.116, -1.003e-5
-1.115, -1.003e-5
-1.114, -1.003e-5
-1.113, -1.003e-5
-1.112, -1.003e-5
-1.111, -1.003e-5
-1.110, -1.003e-5
-1.109, -1.003e-5
-1.108, -1.003e-5
-1.107, -1.003e-5
-1.106, -1.003e-5
-1.105, -1.003e-5
-1.104, -1.003e-5
-1.103, -1.003e-5
-1.102, -1.003e-5
-1.101, -1.003e-5
-1.100, -1.003e-5
-1.099, -1.003e-5
-1.098, -1.003e-5
-1.097, -1.003e-5
-1.096, -1.003e-5
-1.095, -1.003e-5
-1.094, -1.003e-5
-1.093, -1.003e-5
-1.092, -1.003e-5
-1.091, -1.003e-5
-1.090, -1.003e-5
-1.089, -1.003e-5
-1.088, -1.003e-5
-1.087, -1.003e-5
-1.086, -1.003e-5
-1.085, -1.003e-5
-1.084, -1.003e-5
-1.083, -1.003e-5
-1.082, -1.003e-5
-1.081, -1.003e-5
-1.080, -1.003e-5
-1.079, -1.003e-5
-1.078, -1.003e-5
-1.077, -1.003e-5
-1.076, -1.003e-5
-1.075, -1.003e-5
-1.074, -1.003e-5
-1.073, -1.003e-5
-1.072, -1.003e-5
-1.071, -1.003e-5
-1.070, -1.003e-5
-1.069, -1.003e-5
-1.068, -1.003e-5
-1.067, -1.003e-5
-1.066, -1.003e-5
-1.065, -1.003e-5
-1.064, -1.003e-5
-1.063, -1.003e-5
-1.062, -1.003e-5
-1.061, -1.003e-5
-1.060, -1.003e-5
-1.059, -1.003e-5
-1.058, -1.003e-5
-1.057, -1.003e-5
-1.056, -1.003e-5
-1.055, -1.003e-5
-1.054, -1.003e-5
-1.053, -1.003e-5
-1.052, -1.003e-5
-1.051, -1.003e-5
-1.050, -1.003e-5
-1.049, -1.003e-5
-1.048, -1.003e-5
-1.047, -1.003e-5
-1.046, -1.003e-5
-1.045, -1.003e-5
-1.044, -1.003e-5
-1.043, -1.003e-5
-1.042, -1.003e-5
-1.041, -1.003e-5
-1.040, -1.003e-5
-1.039, -1.003e-5
-1.038, -1.003e-5
-1.037, -1.003e-5
-1.036, -1.003e-5
-1.035, -1.003e-5
-1.034, -1.003e-5
-1.033, -1.003e-5
-1.032, -1.003e-5
-1.031, -1.003e-5
-1.030, -1.003e-5
-1.029, -1.003e-5
-1.028, -1.003e-5
-1.027, -1.003e-5
-1.026, -1.001e-5
-1.025, -9.933e-6
-1.024, -9.863e-6
-1.023, -9.791e-6
-1.022, -9.721e-6
-1.021, -9.651e-6
-1.020, -9.583e-6
-1.019, -9.514e-6
-1.018, -9.448e-6
-1.017, -9.381e-6
-1.016, -9.315e-6
-1.015, -9.249e-6
-1.014, -9.186e-6
-1.013, -9.122e-6
-1.012, -9.059e-6
-1.011, -8.995e-6
-1.010, -8.933e-6
-1.009, -8.870e-6
-1.008, -8.810e-6
-1.007, -8.749e-6
-1.006, -8.689e-6
-1.005, -8.629e-6
-1.004, -8.572e-6
-1.003, -8.513e-6
-1.002, -8.455e-6
-1.001, -8.398e-6
-1.000, -8.342e-6
-0.999, -8.285e-6
-0.998, -8.230e-6
-0.997, -8.175e-6
-0.996, -8.121e-6
-0.995, -8.066e-6
-0.994, -8.013e-6
-0.993, -7.959e-6
-0.992, -7.907e-6
-0.991, -7.854e-6
-0.990, -7.803e-6
-0.989, -7.751e-6
-0.988, -7.701e-6
-0.987, -7.650e-6
-0.986, -7.600e-6
-0.985, -7.550e-6
-0.984, -7.501e-6
-0.983, -7.452e-6
-0.982, -7.405e-6
-0.981, -7.357e-6
-0.980, -7.310e-6
-0.979, -7.262e-6
-0.978, -7.216e-6
-0.977, -7.170e-6
-0.976, -7.124e-6
-0.975, -7.079e-6
-0.974, -7.034e-6
-0.973, -6.989e-6
-0.972, -6.945e-6
-0.971, -6.901e-6
-0.970, -6.857e-6
-0.969, -6.814e-6
-0.968, -6.771e-6
-0.967, -6.728e-6
-0.966, -6.687e-6
-0.965, -6.645e-6
-0.964, -6.604e-6
-0.963, -6.563e-6
-0.962, -6.523e-6
-0.961, -6.482e-6
-0.960, -6.442e-6
-0.959, -6.402e-6
-0.958, -6.363e-6
-0.957, -6.324e-6
-0.956, -6.286e-6
-0.955, -6.247e-6
-0.954, -6.209e-6
-0.953, -6.171e-6
-0.952, -6.134e-6
-0.951, -6.097e-6
-0.950, -6.060e-6
-0.949, -6.024e-6
-0.948, -5.987e-6
-0.947, -5.952e-6
-0.946, -5.916e-6
-0.945, -5.880e-6
-0.944, -5.845e-6
-0.943, -5.811e-6
-0.942, -5.776e-6
-0.941, -5.742e-6
-0.940, -5.708e-6
-0.939, -5.674e-6
-0.938, -5.641e-6
-0.937, -5.608e-6
-0.936, -5.575e-6
-0.935, -5.542e-6
-0.934, -5.510e-6
-0.933, -5.478e-6
-0.932, -5.446e-6
-0.931, -5.414e-6
-0.930, -5.383e-6
-0.929, -5.352e-6
-0.928, -5.321e-6
-0.927, -5.291e-6
-0.926, -5.260e-6
-0.925, -5.230e-6
-0.924, -5.200e-6
-0.923, -5.170e-6
-0.922, -5.141e-6
-0.921, -5.113e-6
-0.920, -5.083e-6
-0.919, -5.055e-6
-0.918, -5.026e-6
-0.917, -4.998e-6
-0.916, -4.970e-6
-0.915, -4.942e-6
-0.914, -4.915e-6
-0.913, -4.887e-6
-0.912, -4.859e-6
-0.911, -4.832e-6
-0.910, -4.805e-6
-0.909, -4.779e-6
-0.908, -4.753e-6
-0.907, -4.726e-6
-0.906, -4.701e-6
-0.905, -4.675e-6
-0.904, -4.649e-6
-0.903, -4.624e-6
-0.902, -4.598e-6
-0.901, -4.573e-6
-0.900, -4.548e-6
-0.899, -4.524e-6
-0.898, -4.499e-6
-0.897, -4.475e-6
-0.896, -4.451e-6
-0.895, -4.427e-6
-0.894, -4.403e-6
-0.893, -4.380e-6
-0.892, -4.356e-6
-0.891, -4.333e-6
-0.890, -4.310e-6
-0.889, -4.287e-6
-0.888, -4.264e-6
-0.887, -4.242e-6
-0.886, -4.219e-6
-0.885, -4.197e-6
-0.884, -4.175e-6
-0.883, -4.153e-6
-0.882, -4.131e-6
-0.881, -4.109e-6
-0.880, -4.088e-6
-0.879, -4.067e-6
-0.878, -4.046e-6
-0.877, -4.025e-6
-0.876, -4.005e-6
-0.875, -3.984e-6
-0.874, -3.963e-6
-0.873, -3.943e-6
-0.872, -3.923e-6
-0.871, -3.903e-6
-0.870, -3.883e-6
-0.869, -3.863e-6
-0.868, -3.843e-6
-0.867, -3.824e-6
-0.866, -3.805e-6
-0.865, -3.786e-6
-0.864, -3.767e-6
-0.863, -3.748e-6
-0.862, -3.729e-6
-0.861, -3.710e-6
-0.860, -3.692e-6
-0.859, -3.674e-6
-0.858, -3.655e-6
-0.857, -3.637e-6
-0.856, -3.619e-6
-0.855, -3.601e-6
-0.854, -3.584e-6
-0.853, -3.566e-6
-0.852, -3.548e-6
-0.851, -3.531e-6
-0.850, -3.514e-6
-0.849, -3.496e-6
-0.848, -3.479e-6
-0.847, -3.462e-6
-0.846, -3.445e-6
-0.845, -3.429e-6
-0.844, -3.412e-6
-0.843, -3.396e-6
-0.842, -3.379e-6
-0.841, -3.364e-6
-0.840, -3.347e-6
-0.839, -3.331e-6
-0.838, -3.315e-6
-0.837, -3.300e-6
-0.836, -3.284e-6
-0.835, -3.268e-6
-0.834, -3.253e-6
-0.833, -3.237e-6
-0.832, -3.222e-6
-0.831, -3.207e-6
-0.830, -3.191e-6
-0.829, -3.177e-6
-0.828, -3.162e-6
-0.827, -3.148e-6
-0.826, -3.134e-6
-0.825, -3.119e-6
-0.824, -3.105e-6
-0.823, -3.090e-6
-0.822, -3.076e-6
-0.821, -3.062e-6
-0.820, -3.047e-6
-0.819, -3.033e-6
-0.818, -3.019e-6
-0.817, -3.005e-6
-0.816, -2.992e-6
-0.815, -2.978e-6
-0.814, -2.964e-6
-0.813, -2.951e-6
-0.812, -2.937e-6
-0.811, -2.924e-6
-0.810, -2.911e-6
-0.809, -2.898e-6
-0.808, -2.884e-6
-0.807, -2.871e-6
-0.806, -2.858e-6
-0.805, -2.846e-6
-0.804, -2.833e-6
-0.803, -2.820e-6
-0.802, -2.808e-6
-0.801, -2.795e-6
-0.800, -2.782e-6
-0.799, -2.770e-6
-0.798, -2.757e-6
-0.797, -2.745e-6
-0.796, -2.733e-6
-0.795, -2.721e-6
-0.794, -2.709e-6
-0.793, -2.697e-6
-0.792, -2.685e-6
-0.791, -2.673e-6
-0.790, -2.661e-6
-0.789, -2.650e-6
-0.788, -2.638e-6
-0.787, -2.626e-6
-0.786, -2.615e-6
-0.785, -2.603e-6
-0.784, -2.592e-6
-0.783, -2.581e-6
-0.782, -2.569e-6
-0.781, -2.558e-6
-0.780, -2.547e-6
-0.779, -2.536e-6
-0.778, -2.525e-6
-0.777, -2.514e-6
-0.776, -2.503e-6
-0.775, -2.492e-6
-0.774, -2.481e-6
-0.773, -2.470e-6
-0.772, -2.459e-6
-0.771, -2.449e-6
-0.770, -2.438e-6
-0.769, -2.428e-6
-0.768, -2.417e-6
-0.767, -2.407e-6
-0.766, -2.396e-6
-0.765, -2.386e-6
-0.764, -2.376e-6
-0.763, -2.365e-6
-0.762, -2.355e-6
-0.761, -2.345e-6
-0.760, -2.335e-6
-0.759, -2.325e-6
-0.758, -2.315e-6
-0.757, -2.305e-6
-0.756, -2.295e-6
-0.755, -2.285e-6
-0.754, -2.275e-6
-0.753, -2.265e-6
-0.752, -2.255e-6
-0.751, -2.246e-6
-0.750, -2.236e-6
-0.749, -2.226e-6
-0.748, -2.217e-6
-0.747, -2.207e-6
-0.746, -2.198e-6
-0.745, -2.188e-6
-0.744, -2.179e-6
-0.743, -2.169e-6
-0.742, -2.160e-6
-0.741, -2.151e-6
-0.740, -2.142e-6
-0.739, -2.132e-6
-0.738, -2.123e-6
-0.737, -2.114e-6
-0.736, -2.105e-6
-0.735, -2.096e-6
-0.734, -2.087e-6
-0.733, -2.078e-6
-0.732, -2.069e-6
-0.731, -2.060e-6
-0.730, -2.051e-6
-0.729, -2.042e-6
-0.728, -2.033e-6
-0.727, -2.024e-6
-0.726, -2.015e-6
-0.725, -2.007e-6
-0.724, -1.998e-6
-0.723, -1.989e-6
-0.722, -1.981e-6
-0.721, -1.972e-6
-0.720, -1.963e-6
-0.719, -1.955e-6
-0.718, -1.946e-6
-0.717, -1.938e-6
-0.716, -1.930e-6
-0.715, -1.921e-6
-0.714, -1.912e-6
-0.713, -1.904e-6
-0.712, -1.896e-6
-0.711, -1.887e-6
-0.710, -1.879e-6
-0.709, -1.871e-6
-0.708, -1.862e-6
-0.707, -1.854e-6
-0.706, -1.846e-6
-0.705, -1.837e-6
-0.704, -1.829e-6
-0.703, -1.821e-6
-0.702, -1.813e-6
-0.701, -1.805e-6
-0.700, -1.797e-6
-0.699, -1.788e-6
-0.698, -1.780e-6
-0.697, -1.772e-6
-0.696, -1.764e-6
-0.695, -1.757e-6
-0.694, -1.749e-6
-0.693, -1.741e-6
-0.692, -1.733e-6
-0.691, -1.725e-6
-0.690, -1.717e-6
-0.689, -1.709e-6
-0.688, -1.701e-6
-0.687, -1.693e-6
-0.686, -1.685e-6
-0.685, -1.678e-6
-0.684, -1.670e-6
-0.683, -1.662e-6
-0.682, -1.654e-6
-0.681, -1.646e-6
-0.680, -1.639e-6
-0.679, -1.631e-6
-0.678, -1.623e-6
-0.677, -1.616e-6
-0.676, -1.608e-6
-0.675, -1.600e-6
-0.674, -1.593e-6
-0.673, -1.585e-6
-0.672, -1.577e-6
-0.671, -1.570e-6
-0.670, -1.562e-6
-0.669, -1.554e-6
-0.668, -1.547e-6
-0.667, -1.539e-6
-0.666, -1.532e-6
-0.665, -1.524e-6
-0.664, -1.517e-6
-0.663, -1.509e-6
-0.662, -1.502e-6
-0.661, -1.494e-6
-0.660, -1.487e-6
-0.659, -1.479e-6
-0.658, -1.472e-6
-0.657, -1.464e-6
-0.656, -1.457e-6
-0.655, -1.450e-6
-0.654, -1.442e-6
-0.653, -1.435e-6
-0.652, -1.428e-6
-0.651, -1.420e-6
-0.650, -1.413e-6
-0.649, -1.406e-6
-0.648, -1.398e-6
-0.647, -1.391e-6
-0.646, -1.384e-6
-0.645, -1.376e-6
-0.644, -1.369e-6
-0.643, -1.362e-6
-0.642, -1.355e-6
-0.641, -1.347e-6
-0.640, -1.340e-6
-0.639, -1.333e-6
-0.638, -1.326e-6
-0.637, -1.318e-6
-0.636, -1.311e-6
-0.635, -1.304e-6
-0.634, -1.297e-6
-0.633, -1.290e-6
-0.632, -1.282e-6
-0.631, -1.275e-6
-0.630, -1.268e-6
-0.629, -1.261e-6
-0.628, -1.254e-6
-0.627, -1.247e-6
-0.626, -1.240e-6
-0.625, -1.233e-6
-0.624, -1.226e-6
-0.623, -1.219e-6
-0.622, -1.211e-6
-0.621, -1.204e-6
-0.620, -1.197e-6
-0.619, -1.190e-6
-0.618, -1.183e-6
-0.617, -1.176e-6
-0.616, -1.169e-6
-0.615, -1.162e-6
-0.614, -1.155e-6
-0.613, -1.148e-6
-0.612, -1.141e-6
-0.611, -1.134e-6
-0.610, -1.127e-6
-0.609, -1.120e-6
-0.608, -1.112e-6
-0.607, -1.105e-6
-0.606, -1.098e-6
-0.605, -1.091e-6
-0.604, -1.085e-6
-0.603, -1.078e-6
-0.602, -1.071e-6
-0.601, -1.064e-6
-0.600, -1.057e-6
-0.599, -1.050e-6
-0.598, -1.043e-6
-0.597, -1.036e-6
-0.596, -1.029e-6
-0.595, -1.022e-6
-0.594, -1.015e-6
-0.593, -1.008e-6
-0.592, -1.001e-6
-0.591, -9.943e-7
-0.590, -9.872e-7
-0.589, -9.803e-7
-0.588, -9.735e-7
-0.587, -9.663e-7
-0.586, -9.596e-7
-0.585, -9.527e-7
-0.584, -9.458e-7
-0.583, -9.388e-7
-0.582, -9.321e-7
-0.581, -9.251e-7
-0.580, -9.183e-7
-0.579, -9.114e-7
-0.578, -9.046e-7
-0.577, -8.976e-7
-0.576, -8.908e-7
-0.575, -8.839e-7
-0.574, -8.769e-7
-0.573, -8.701e-7
-0.572, -8.634e-7
-0.571, -8.564e-7
-0.570, -8.497e-7
-0.569, -8.428e-7
-0.568, -8.359e-7
-0.567, -8.290e-7
-0.566, -8.223e-7
-0.565, -8.153e-7
-0.564, -8.085e-7
-0.563, -8.015e-7
-0.562, -7.948e-7
-0.561, -7.878e-7
-0.560, -7.811e-7
-0.559, -7.744e-7
-0.558, -7.675e-7
-0.557, -7.607e-7
-0.556, -7.540e-7
-0.555, -7.471e-7
-0.554, -7.404e-7
-0.553, -7.336e-7
-0.552, -7.267e-7
-0.551, -7.198e-7
-0.550, -7.132e-7
-0.549, -7.063e-7
-0.548, -6.995e-7
-0.547, -6.927e-7
-0.546, -6.860e-7
-0.545, -6.789e-7
-0.544, -6.723e-7
-0.543, -6.656e-7
-0.542, -6.587e-7
-0.541, -6.519e-7
-0.540, -6.451e-7
-0.539, -6.382e-7
-0.538, -6.315e-7
-0.537, -6.247e-7
-0.536, -6.179e-7
-0.535, -6.112e-7
-0.534, -6.045e-7
-0.533, -5.977e-7
-0.532, -5.909e-7
-0.531, -5.841e-7
-0.530, -5.774e-7
-0.529, -5.704e-7
-0.528, -5.638e-7
-0.527, -5.570e-7
-0.526, -5.501e-7
-0.525, -5.434e-7
-0.524, -5.368e-7
-0.523, -5.298e-7
-0.522, -5.231e-7
-0.521, -5.164e-7
-0.520, -5.096e-7
-0.519, -5.026e-7
-0.518, -4.959e-7
-0.517, -4.891e-7
-0.516, -4.823e-7
-0.515, -4.755e-7
-0.514, -4.688e-7
-0.513, -4.618e-7
-0.512, -4.554e-7
-0.511, -4.487e-7
-0.510, -4.418e-7
-0.509, -4.351e-7
-0.508, -4.284e-7
-0.507, -4.214e-7
-0.506, -4.147e-7
-0.505, -4.078e-7
-0.504, -4.010e-7
-0.503, -3.942e-7
-0.502, -3.876e-7
-0.501, -3.807e-7
-0.500, -3.739e-7
-0.499, -3.670e-7
-0.498, -3.604e-7
-0.497, -3.533e-7
-0.496, -3.466e-7
-0.495, -3.398e-7
-0.494, -3.330e-7
-0.493, -3.261e-7
-0.492, -3.195e-7
-0.491, -3.124e-7
-0.490, -3.057e-7
-0.489, -2.988e-7
-0.488, -2.920e-7
-0.487, -2.852e-7
-0.486, -2.785e-7
-0.485, -2.716e-7
-0.484, -2.647e-7
-0.483, -2.580e-7
-0.482, -2.513e-7
-0.481, -2.442e-7
-0.480, -2.375e-7
-0.479, -2.306e-7
-0.478, -2.237e-7
-0.477, -2.169e-7
-0.476, -2.102e-7
-0.475, -2.032e-7
-0.474, -1.965e-7
-0.473, -1.896e-7
-0.472, -1.827e-7
-0.471, -1.758e-7
-0.470, -1.692e-7
-0.469, -1.623e-7
-0.468, -1.555e-7
-0.467, -1.487e-7
-0.466, -1.420e-7
-0.465, -1.350e-7
-0.464, -1.285e-7
-0.463, -1.216e-7
-0.462, -1.148e-7
-0.461, -1.079e-7
-0.460, -1.013e-7
-0.459, -9.438e-8
-0.458, -8.778e-8
-0.457, -8.098e-8
-0.456, -7.424e-8
-0.455, -6.743e-8
-0.454, -6.085e-8
-0.453, -5.409e-8
-0.452, -4.734e-8
-0.451, -4.074e-8
-0.450, -3.415e-8
-0.449, -2.730e-8
-0.448, -2.074e-8
-0.447, -1.409e-8
-0.446, -7.365e-9
-0.445, -8.018e-10
-0.444, 5.590e-9
-0.443, 1.240e-8
-0.442, 1.888e-8
-0.441, 2.541e-8
-0.440, 3.191e-8
-0.439, 3.848e-8
-0.438, 4.478e-8
-0.437, 5.150e-8
-0.436, 5.797e-8
-0.435, 6.454e-8
-0.434, 7.082e-8
-0.433, 7.753e-8
-0.432, 8.373e-8
-0.431, 9.023e-8
-0.430, 9.672e-8
-0.429, 1.032e-7
-0.428, 1.094e-7
-0.427, 1.162e-7
-0.426, 1.223e-7
-0.425, 1.288e-7
-0.424, 1.352e-7
-0.423, 1.417e-7
-0.422, 1.479e-7
-0.421, 1.544e-7
-0.420, 1.608e-7
-0.419, 1.671e-7
-0.418, 1.732e-7
-0.417, 1.797e-7
-0.416, 1.860e-7
-0.415, 1.924e-7
-0.414, 1.986e-7
-0.413, 2.050e-7
-0.412, 2.111e-7
-0.411, 2.177e-7
-0.410, 2.237e-7
-0.409, 2.299e-7
-0.408, 2.361e-7
-0.407, 2.425e-7
-0.406, 2.485e-7
-0.405, 2.549e-7
-0.404, 2.611e-7
-0.403, 2.675e-7
-0.402, 2.735e-7
-0.401, 2.801e-7
-0.400, 2.861e-7
-0.399, 2.923e-7
-0.398, 2.986e-7
-0.397, 3.048e-7
-0.396, 3.109e-7
-0.395, 3.173e-7
-0.394, 3.233e-7
-0.393, 3.294e-7
-0.392, 3.357e-7
-0.391, 3.419e-7
-0.390, 3.479e-7
-0.389, 3.542e-7
-0.388, 3.603e-7
-0.387, 3.664e-7
-0.386, 3.724e-7
-0.385, 3.787e-7
-0.384, 3.846e-7
-0.383, 3.908e-7
-0.382, 3.969e-7
-0.381, 4.030e-7
-0.380, 4.089e-7
-0.379, 4.153e-7
-0.378, 4.213e-7
-0.377, 4.274e-7
-0.376, 4.334e-7
-0.375, 4.395e-7
-0.374, 4.453e-7
-0.373, 4.515e-7
-0.372, 4.575e-7
-0.371, 4.637e-7
-0.370, 4.695e-7
-0.369, 4.757e-7
-0.368, 4.815e-7
-0.367, 4.875e-7
-0.366, 4.936e-7
-0.365, 4.996e-7
-0.364, 5.053e-7
-0.363, 5.115e-7
-0.362, 5.173e-7
-0.361, 5.232e-7
-0.360, 5.291e-7
-0.359, 5.352e-7
-0.358, 5.410e-7
-0.357, 5.471e-7
-0.356, 5.529e-7
-0.355, 5.587e-7
-0.354, 5.644e-7
-0.353, 5.706e-7
-0.352, 5.764e-7
-0.351, 5.822e-7
-0.350, 5.881e-7
-0.349, 5.939e-7
-0.348, 5.995e-7
-0.347, 6.056e-7
-0.346, 6.114e-7
-0.345, 6.173e-7
-0.344, 6.229e-7
-0.343, 6.289e-7
-0.342, 6.344e-7
-0.341, 6.403e-7
-0.340, 6.460e-7
-0.339, 6.519e-7
-0.338, 6.575e-7
-0.337, 6.635e-7
-0.336, 6.689e-7
-0.335, 6.747e-7
-0.334, 6.805e-7
-0.333, 6.862e-7
-0.332, 6.917e-7
-0.331, 6.976e-7
-0.330, 7.032e-7
-0.329, 7.088e-7
-0.328, 7.144e-7
-0.327, 7.203e-7
-0.326, 7.258e-7
-0.325, 7.317e-7
-0.324, 7.373e-7
-0.323, 7.429e-7
-0.322, 7.484e-7
-0.321, 7.543e-7
-0.320, 7.597e-7
-0.319, 7.654e-7
-0.318, 7.710e-7
-0.317, 7.767e-7
-0.316, 7.820e-7
-0.315, 7.879e-7
-0.314, 7.932e-7
-0.313, 7.989e-7
-0.312, 8.044e-7
-0.311, 8.101e-7
-0.310, 8.154e-7
-0.309, 8.211e-7
-0.308, 8.266e-7
-0.307, 8.319e-7
-0.306, 8.371e-7
-0.305, 8.428e-7
-0.304, 8.481e-7
-0.303, 8.537e-7
-0.302, 8.593e-7
-0.301, 8.649e-7
-0.300, 8.701e-7
-0.299, 8.758e-7
-0.298, 8.810e-7
-0.297, 8.865e-7
-0.296, 8.919e-7
-0.295, 8.974e-7
-0.294, 9.027e-7
-0.293, 9.083e-7
-0.292, 9.137e-7
-0.291, 9.191e-7
-0.290, 9.243e-7
-0.289, 9.300e-7
-0.288, 9.352e-7
-0.287, 9.407e-7
-0.286, 9.460e-7
-0.285, 9.515e-7
-0.284, 9.565e-7
-0.283, 9.622e-7
-0.282, 9.674e-7
-0.281, 9.727e-7
-0.280, 9.781e-7
-0.279, 9.836e-7
-0.278, 9.886e-7
-0.277, 9.941e-7
-0.276, 9.993e-7
-0.275, 1.005e-6
-0.274, 1.010e-6
-0.273, 1.015e-6
-0.272, 1.020e-6
-0.271, 1.026e-6
-0.270, 1.031e-6
-0.269, 1.036e-6
-0.268, 1.041e-6
-0.267, 1.047e-6
-0.266, 1.052e-6
-0.265, 1.057e-6
-0.264, 1.062e-6
-0.263, 1.068e-6
-0.262, 1.073e-6
-0.261, 1.078e-6
-0.260, 1.083e-6
-0.259, 1.089e-6
-0.258, 1.094e-6
-0.257, 1.099e-6
-0.256, 1.104e-6
-0.255, 1.109e-6
-0.254, 1.114e-6
-0.253, 1.120e-6
-0.252, 1.125e-6
-0.251, 1.130e-6
-0.250, 1.135e-6
-0.249, 1.140e-6
-0.248, 1.145e-6
-0.247, 1.151e-6
-0.246, 1.155e-6
-0.245, 1.161e-6
-0.244, 1.166e-6
-0.243, 1.171e-6
-0.242, 1.176e-6
-0.241, 1.181e-6
-0.240, 1.186e-6
-0.239, 1.191e-6
-0.238, 1.196e-6
-0.237, 1.201e-6
-0.236, 1.206e-6
-0.235, 1.212e-6
-0.234, 1.217e-6
-0.233, 1.222e-6
-0.232, 1.227e-6
-0.231, 1.232e-6
-0.230, 1.237e-6
-0.229, 1.242e-6
-0.228, 1.247e-6
-0.227, 1.252e-6
-0.226, 1.257e-6
-0.225, 1.262e-6
-0.224, 1.267e-6
-0.223, 1.272e-6
-0.222, 1.277e-6
-0.221, 1.282e-6
-0.220, 1.287e-6
-0.219, 1.292e-6
-0.218, 1.297e-6
-0.217, 1.302e-6
-0.216, 1.307e-6
-0.215, 1.312e-6
-0.214, 1.317e-6
-0.213, 1.322e-6
-0.212, 1.327e-6
-0.211, 1.332e-6
-0.210, 1.337e-6
-0.209, 1.342e-6
-0.208, 1.347e-6
-0.207, 1.352e-6
-0.206, 1.357e-6
-0.205, 1.362e-6
-0.204, 1.367e-6
-0.203, 1.372e-6
-0.202, 1.377e-6
-0.201, 1.382e-6
-0.200, 1.387e-6
-0.199, 1.392e-6
-0.198, 1.396e-6
-0.197, 1.402e-6
-0.196, 1.406e-6
-0.195, 1.411e-6
-0.194, 1.416e-6
-0.193, 1.421e-6
-0.192, 1.426e-6
-0.191, 1.431e-6
-0.190, 1.436e-6
-0.189, 1.441e-6
-0.188, 1.446e-6
-0.187, 1.451e-6
-0.186, 1.455e-6
-0.185, 1.460e-6
-0.184, 1.465e-6
-0.183, 1.470e-6
-0.182, 1.475e-6
-0.181, 1.480e-6
-0.180, 1.485e-6
-0.179, 1.490e-6
-0.178, 1.495e-6
-0.177, 1.500e-6
-0.176, 1.504e-6
-0.175, 1.509e-6
-0.174, 1.514e-6
-0.173, 1.519e-6
-0.172, 1.524e-6
-0.171, 1.529e-6
-0.170, 1.534e-6
-0.169, 1.539e-6
-0.168, 1.543e-6
-0.167, 1.548e-6
-0.166, 1.553e-6
-0.165, 1.558e-6
-0.164, 1.563e-6
-0.163, 1.567e-6
-0.162, 1.572e-6
-0.161, 1.577e-6
-0.160, 1.581e-6
-0.159, 1.586e-6
-0.158, 1.591e-6
-0.157, 1.595e-6
-0.156, 1.599e-6
-0.155, 1.604e-6
-0.154, 1.608e-6
-0.153, 1.613e-6
-0.152, 1.617e-6
-0.151, 1.622e-6
-0.150, 1.625e-6
-0.149, 1.630e-6
-0.148, 1.634e-6
-0.147, 1.638e-6
-0.146, 1.642e-6
-0.145, 1.646e-6
-0.144, 1.649e-6
-0.143, 1.653e-6
-0.142, 1.657e-6
-0.141, 1.660e-6
-0.140, 1.663e-6
-0.139, 1.667e-6
-0.138, 1.669e-6
-0.137, 1.672e-6
-0.136, 1.675e-6
-0.135, 1.677e-6
-0.134, 1.679e-6
-0.133, 1.681e-6
-0.132, 1.683e-6
-0.131, 1.685e-6
-0.130, 1.687e-6
-0.129, 1.690e-6
-0.128, 1.692e-6
-0.127, 1.694e-6
-0.126, 1.697e-6
-0.125, 1.699e-6
-0.124, 1.702e-6
-0.123, 1.705e-6
-0.122, 1.708e-6
-0.121, 1.711e-6
-0.120, 1.714e-6
-0.119, 1.717e-6
-0.118, 1.720e-6
-0.117, 1.724e-6
-0.116, 1.727e-6
-0.115, 1.730e-6
-0.114, 1.733e-6
-0.113, 1.737e-6
-0.112, 1.740e-6
-0.111, 1.744e-6
-0.110, 1.747e-6
-0.109, 1.751e-6
-0.108, 1.754e-6
-0.107, 1.758e-6
-0.106, 1.761e-6
-0.105, 1.765e-6
-0.104, 1.768e-6
-0.103, 1.772e-6
-0.102, 1.775e-6
-0.101, 1.778e-6
-0.100, 1.782e-6
-0.099, 1.785e-6
-0.098, 1.789e-6
-0.097, 1.792e-6
-0.096, 1.796e-6
-0.095, 1.799e-6
-0.094, 1.803e-6
-0.093, 1.806e-6
-0.092, 1.809e-6
-0.091, 1.813e-6
-0.090, 1.816e-6
-0.089, 1.820e-6
-0.088, 1.823e-6
-0.087, 1.827e-6
-0.086, 1.830e-6
-0.085, 1.834e-6
-0.084, 1.837e-6
-0.083, 1.840e-6
-0.082, 1.844e-6
-0.081, 1.847e-6
-0.080, 1.851e-6
-0.079, 1.854e-6
-0.078, 1.857e-6
-0.077, 1.861e-6
-0.076, 1.864e-6
-0.075, 1.868e-6
-0.074, 1.871e-6
-0.073, 1.874e-6
-0.072, 1.877e-6
-0.071, 1.881e-6
-0.070, 1.884e-6
-0.069, 1.887e-6
-0.068, 1.891e-6
-0.067, 1.894e-6
-0.066, 1.897e-6
-0.065, 1.901e-6
-0.064, 1.904e-6
-0.063, 1.907e-6
-0.062, 1.910e-6
-0.061, 1.914e-6
-0.060, 1.916e-6
-0.059, 1.920e-6
-0.058, 1.923e-6
-0.057, 1.926e-6
-0.056, 1.930e-6
-0.055, 1.933e-6
-0.054, 1.936e-6
-0.053, 1.939e-6
-0.052, 1.942e-6
-0.051, 1.946e-6
-0.050, 1.948e-6
-0.049, 1.952e-6
-0.048, 1.955e-6
-0.047, 1.958e-6
-0.046, 1.961e-6
-0.045, 1.964e-6
-0.044, 1.967e-6
-0.043, 1.970e-6
-0.042, 1.973e-6
-0.041, 1.976e-6
-0.040, 1.979e-6
-0.039, 1.983e-6
-0.038, 1.985e-6
-0.037, 1.989e-6
-0.036, 1.992e-6
-0.035, 1.995e-6
-0.034, 1.997e-6
-0.033, 2.001e-6
-0.032, 2.004e-6
-0.031, 2.007e-6
-0.030, 2.010e-6
-0.029, 2.013e-6
-0.028, 2.015e-6
-0.027, 2.019e-6
-0.026, 2.021e-6
-0.025, 2.024e-6
-0.024, 2.027e-6
-0.023, 2.030e-6
-0.022, 2.033e-6
-0.021, 2.036e-6
-0.020, 2.039e-6
-0.019, 2.042e-6
-0.018, 2.044e-6
-0.017, 2.047e-6
-0.016, 2.050e-6
-0.015, 2.053e-6
-0.014, 2.056e-6
-0.013, 2.059e-6
-0.012, 2.061e-6
-0.011, 2.064e-6
-0.010, 2.067e-6
-0.009, 2.070e-6
-0.008, 2.072e-6
-0.007, 2.075e-6
-0.006, 2.078e-6
-0.005, 2.081e-6
-0.004, 2.084e-6
-0.003, 2.086e-6
-0.002, 2.089e-6
-0.001, 2.092e-6
0.000, 2.094e-6
0.001, 2.097e-6
0.002, 2.099e-6
0.003, 2.102e-6
0.004, 2.105e-6
0.005, 2.108e-6
0.006, 2.110e-6
0.007, 2.113e-6
0.008, 2.115e-6
0.009, 2.118e-6
0.010, 2.120e-6
0.011, 2.123e-6
0.012, 2.126e-6
0.013, 2.129e-6
0.014, 2.131e-6
0.015, 2.134e-6
0.016, 2.136e-6
0.017, 2.138e-6
0.018, 2.141e-6
0.019, 2.144e-6
0.020, 2.146e-6
0.021, 2.149e-6
0.022, 2.151e-6
0.023, 2.153e-6
0.024, 2.156e-6
0.025, 2.159e-6
0.026, 2.161e-6
0.027, 2.163e-6
0.028, 2.166e-6
0.029, 2.168e-6
0.030, 2.170e-6
0.031, 2.173e-6
0.032, 2.175e-6
0.033, 2.178e-6
0.034, 2.180e-6
0.035, 2.183e-6
0.036, 2.185e-6
0.037, 2.188e-6
0.038, 2.190e-6
0.039, 2.192e-6
0.040, 2.195e-6
0.041, 2.197e-6
0.042, 2.199e-6
0.043, 2.202e-6
0.044, 2.204e-6
0.045, 2.206e-6
0.046, 2.208e-6
0.047, 2.211e-6
0.048, 2.213e-6
0.049, 2.215e-6
0.050, 2.218e-6
0.051, 2.220e-6
0.052, 2.222e-6
0.053, 2.225e-6
0.054, 2.227e-6
0.055, 2.229e-6
0.056, 2.231e-6
0.057, 2.233e-6
0.058, 2.235e-6
0.059, 2.238e-6
0.060, 2.240e-6
0.061, 2.242e-6
0.062, 2.244e-6
0.063, 2.246e-6
0.064, 2.248e-6
0.065, 2.250e-6
0.066, 2.253e-6
0.067, 2.255e-6
0.068, 2.257e-6
0.069, 2.259e-6
0.070, 2.261e-6
0.071, 2.263e-6
0.072, 2.265e-6
0.073, 2.267e-6
0.074, 2.269e-6
0.075, 2.271e-6
0.076, 2.273e-6
0.077, 2.275e-6
0.078, 2.277e-6
0.079, 2.280e-6
0.080, 2.281e-6
0.081, 2.283e-6
0.082, 2.285e-6
0.083, 2.287e-6
0.084, 2.289e-6
0.085, 2.291e-6
0.086, 2.293e-6
0.087, 2.295e-6
0.088, 2.297e-6
0.089, 2.299e-6
0.090, 2.301e-6
0.091, 2.303e-6
0.092, 2.305e-6
0.093, 2.307e-6
0.094, 2.309e-6
0.095, 2.311e-6
0.096, 2.313e-6
0.097, 2.314e-6
0.098, 2.316e-6
0.099, 2.318e-6
0.100, 2.320e-6
0.101, 2.322e-6
0.102, 2.324e-6
0.103, 2.325e-6
0.104, 2.327e-6
0.105, 2.329e-6
0.106, 2.331e-6
0.107, 2.333e-6
0.108, 2.334e-6
0.109, 2.336e-6
0.110, 2.338e-6
0.111, 2.340e-6
0.112, 2.342e-6
0.113, 2.344e-6
0.114, 2.346e-6
0.115, 2.347e-6
0.116, 2.349e-6
0.117, 2.351e-6
0.118, 2.353e-6
0.119, 2.354e-6
0.120, 2.356e-6
0.121, 2.358e-6
0.122, 2.359e-6
0.123, 2.361e-6
0.124, 2.363e-6
0.125, 2.365e-6
0.126, 2.366e-6
0.127, 2.369e-6
0.128, 2.370e-6
0.129, 2.372e-6
0.130, 2.374e-6
0.131, 2.375e-6
0.132, 2.377e-6
0.133, 2.379e-6
0.134, 2.380e-6
0.135, 2.382e-6
0.136, 2.384e-6
0.137, 2.386e-6
0.138, 2.387e-6
0.139, 2.389e-6
0.140, 2.391e-6
0.141, 2.393e-6
0.142, 2.394e-6
0.143, 2.396e-6
0.144, 2.397e-6
0.145, 2.399e-6
0.146, 2.401e-6
0.147, 2.403e-6
0.148, 2.404e-6
0.149, 2.406e-6
0.150, 2.408e-6
0.151, 2.409e-6
0.152, 2.411e-6
0.153, 2.413e-6
0.154, 2.414e-6
0.155, 2.416e-6
0.156, 2.417e-6
0.157, 2.419e-6
0.158, 2.420e-6
0.159, 2.422e-6
0.160, 2.423e-6
0.161, 2.425e-6
0.162, 2.427e-6
0.163, 2.428e-6
0.164, 2.429e-6
0.165, 2.431e-6
0.166, 2.432e-6
0.167, 2.434e-6
0.168, 2.435e-6
0.169, 2.437e-6
0.170, 2.438e-6
0.171, 2.439e-6
0.172, 2.440e-6
0.173, 2.441e-6
0.174, 2.442e-6
0.175, 2.444e-6
0.176, 2.445e-6
0.177, 2.446e-6
0.178, 2.447e-6
0.179, 2.448e-6
0.180, 2.449e-6
0.181, 2.450e-6
0.182, 2.451e-6
0.183, 2.452e-6
0.184, 2.453e-6
0.185, 2.454e-6
0.186, 2.454e-6
0.187, 2.455e-6
0.188, 2.456e-6
0.189, 2.457e-6
0.190, 2.458e-6
0.191, 2.459e-6
0.192, 2.460e-6
0.193, 2.461e-6
0.194, 2.462e-6
0.195, 2.464e-6
0.196, 2.464e-6
0.197, 2.466e-6
0.198, 2.467e-6
0.199, 2.468e-6
